compound_id,SMILES,binding_mode_class,pic50,pic50_date,DATESOLVED,docking_folder,aminohetaryl_c1_amide_split,aryl_c1_amide_c2_hetaryl_split,temporal_2012_split,c1_hetaryl_alkyl_c2_hetaryl_split,temporal_2013_split,temporal_2011_split,random_split
0,Cn1ncc(C(=O)N2CCC2)c1C(=O)NCCc1nc(-c2cccc(F)c2)nn1-c1ccccc1,aryl_c1_amide_c2_hetaryl,9.1813697431744825,14-Nov-2011,08-Nov-11,5sf8_0,train,test,val,val,train,test,val
1,CCN(C)C(=O)c1cnn(C)c1C(=O)Nc1ccn2cc(-c3cccc(OCCCF)c3)nc2n1,aryl_c1_amide_c2_hetaryl,8.217885852520929,11-Apr-2011,21-Jul-10,5sfr_1,train,test,train,val,train,test,train
2,Cn1cncc1Cn1nc(-c2ccccn2)cc1NC(=O)c1nc(C2CC2)ccc1Nc1cncnc1,aminohetaryl_c1_amide,8.8198741248359456,11-Jan-2010,15-Jun-09,5sf4_2,test,train,train,train,train,train,train
3,COCCN(C)C(=O)c1cnn(C)c1C(=O)Nc1ccn2cc(-c3cccc(OCCCF)c3)nc2n1,aryl_c1_amide_c2_hetaryl,7.8203046166754933,11-Apr-2011,21-Jul-10,5sfr_3,train,test,train,val,train,test,train
4,CNC(=O)c1cc(CCc2nc(-c3ccccn3)cn2C)nn2c(C)c(C(F)(F)F)nc12,c1_hetaryl_alkyl_c2_hetaryl,8.096503243158946,15-Apr-2013,13-Oct-11,5sem_4,val,val,,test,test,,train
5,O=C(Nc1cc(-c2ccccn2)nn1Cc1ccccc1)c1nc(C2CC2)ccc1Nc1cncnc1,aminohetaryl_c1_amide,8.7659891824128207,14-Sep-2009,15-Jun-09,5sf4_5,test,train,train,train,train,train,val
6,O=C(Nc1cc(-c2ccc3ccccc3n2)nn1CCO)c1nc(C2CC2)ccc1Nc1cncnc1,aminohetaryl_c1_amide,10.049707206675019,21-Sep-2009,27-Jul-09,5se0_6,test,train,train,train,train,train,val
7,O=C(Nc1cc(-c2ccccn2)nn1CC1CCCCC1)c1nc(C2CC2)ccc1Nc1cncnc1,aminohetaryl_c1_amide,8.976747540366288,14-Sep-2009,15-Jun-09,5sf4_7,test,train,train,train,train,train,train
8,O=C(Nc1cc(-c2ccccn2)nn1CC1CCCC1)c1nc(C2CC2)ccc1Nc1cncnc1,aminohetaryl_c1_amide,8.950007143079857,14-Sep-2009,27-Jul-09,5se0_8,test,train,train,train,train,train,train
9,Cc1cc(CCc2nc(-c3ccccn3)cn2C)nn2c(C)c(C(F)(F)F)nc12,c1_hetaryl_alkyl_c2_hetaryl,8.42987014300335,15-Apr-2013,13-Oct-11,5sem_9,val,val,,test,test,,train
10,COCCn1cc(-c2ccccc2)nc1CCNC(=O)c1c(C(=O)N2CCC2)cnn1C,aryl_c1_amide_c2_hetaryl,8.5129141153932095,04-Jul-2011,16-May-11,5sfo_10,train,test,val,val,train,test,train
11,Cn1ncc(C(=O)N2CCC2)c1C(=O)Nc1ccn2nc(-c3ccccc3OCCCF)nc2c1,aryl_c1_amide_c2_hetaryl,9.52432881167557,15-Sep-2011,04-Feb-10,5se7_11,train,test,val,val,train,test,test
12,CN1CCC(n2nc(-c3ccccn3)cc2NC(=O)c2nc(C3CC3)ccc2Nc2cncnc2)CC1,aminohetaryl_c1_amide,8.3818472666214805,28-Jul-2009,15-Jun-09,5sf4_12,test,train,train,train,train,train,test
13,O=C(Nc1cc(-c2ccccn2)nn1C1CCCCC1)c1nc(C2CC2)ccc1Nc1cncnc1,aminohetaryl_c1_amide,8.878768544850378,14-Sep-2009,15-Jun-09,5sf4_13,test,train,train,train,train,train,train
14,Cn1ncc(C(=O)N2CCC2)c1C(=O)Nc1ccn2nc(-c3ccccc3OCCF)nc2c1,aryl_c1_amide_c2_hetaryl,9.4621809049267256,31-Aug-2011,04-Feb-10,5se7_14,train,test,val,val,train,test,train
15,Cc1c(C(F)F)nc2ccc(CCc3nc(-c4ccccc4)cn3C)nn12,c1_hetaryl_alkyl_c2_hetaryl,8.2516645346586053,28-Nov-2011,13-Oct-11,5sem_15,train,train,val,test,train,test,val
16,O=C(Nc1cc(-c2ccccn2)nn1CCN1CCOCC1)c1nc(C2CC2)ccc1Nc1cncnc1,aminohetaryl_c1_amide,8.8150248093017387,09-Nov-2009,15-Jun-09,5sf4_16,test,train,train,train,train,train,train
17,Cc1nc2ccccc2nc1CCc1nc(-c2ccccc2)cn1-c1ccccn1,c1_hetaryl_alkyl_c2_hetaryl,8.740645072691965,02-May-2011,12-Apr-11,5sec_17,train,train,train,test,train,test,val
18,O=C(Nc1cc(-c2ccccn2)nn1CCc1ccccc1)c1nc(C2CC2)ccc1Nc1cncnc1,aminohetaryl_c1_amide,8.3087416418668885,14-Sep-2009,15-Jun-09,5sf4_18,test,train,train,train,train,train,val
19,CN(CCO)c1nc(OCc2nc(-c3ccccc3)cn2C)nc2ccc(Cl)cc12,c1_hetaryl_alkyl_c2_hetaryl,8.5094796906366508,02-May-2011,09-Feb-11,5sed_19,train,train,train,test,train,test,train
20,CCN(C)C(=O)c1cnn(C)c1C(=O)Nc1ccn2cc(-c3cccc(OCC(=O)OC)c3)nc2n1,aryl_c1_amide_c2_hetaryl,8.100954766518938,29-Sep-2010,21-Jul-10,5sfr_20,train,test,train,train,train,train,train
21,Cn1ncc(C(=O)N2CCC2)c1C(=O)NCCc1nc(-c2ccccc2)nn1-c1cccnc1,aryl_c1_amide_c2_hetaryl,9.2968236013513024,07-Nov-2011,10-May-11,5se8_21,train,test,val,val,train,test,test
22,Cn1ncc(C(=O)N2CCC2)c1C(=O)NCCc1nc(-c2ccccc2)oc1-c1cccnc1,aryl_c1_amide_c2_hetaryl,8.738023808602187,13-Feb-2012,08-Nov-11,5sf8_22,train,test,test,val,train,,train
23,Cc1c(Cl)cc(OCC(=O)N2CCOCC2)c2nc(CCc3nc(N4CCCC4)nn3C)nn12,c1_hetaryl_alkyl_c2_hetaryl,8.683400697906139,13-Feb-2013,01-Feb-12,5sej_23,val,val,,test,test,,train
24,O=C(Nc1cc(-c2ccccn2)nn1C1CCOCC1)c1nc(C2CC2)ccc1Nc1cncnc1,aminohetaryl_c1_amide,8.8504729862456517,09-Nov-2009,15-Jun-09,5sf4_24,test,train,train,train,train,train,test
25,Cn1cc(-c2ccccc2)nc1CCc1ccc2nc(C(F)(F)F)cn2n1,c1_hetaryl_alkyl_c2_hetaryl,7.0819539281928574,13-Feb-2012,13-Oct-11,5sem_25,train,train,test,test,train,,train
26,CCN(C)C(=O)c1cnn(CCF)c1C(=O)Nc1ccn2cc(-c3ccccc3)nc2n1,aryl_c1_amide_c2_hetaryl,5.0,28-Sep-2010,21-Jul-10,5sfr_26,train,test,train,train,train,train,train
27,Cc1nc2ccc(CCc3nc(-c4ccccc4)cn3C)nn2c1CO,c1_hetaryl_alkyl_c2_hetaryl,7.6888397271208708,21-Feb-2012,19-Jul-11,5sf5_27,train,train,test,test,train,,val
28,Cn1ncc(C(=O)N2CCC2)c1C(=O)Nc1ccn2cc(-c3cccc(OCCCF)c3)nc2n1,aryl_c1_amide_c2_hetaryl,8.134067331806814,11-Apr-2011,21-Jul-10,5sfr_28,train,test,train,val,train,test,val
29,COCCn1nc(-c2ccccc2)nc1CCNC(=O)c1c(C(=O)N2CCC2)cnn1C,aryl_c1_amide_c2_hetaryl,6.5457984228959427,25-Jul-2011,10-May-11,5se8_29,train,test,val,val,train,test,train
30,Cn1ncc(C(=O)N2CCC2)c1C(=O)NCCc1nc(-c2ccccc2)nn1Cc1ccccc1,aryl_c1_amide_c2_hetaryl,8.431211787684653,31-Aug-2011,10-May-11,5se8_30,train,test,val,val,train,test,train
31,CN(CCOCCF)C(=O)c1cnn(C)c1C(=O)Nc1ccn2cc(-c3cccc(OCCF)c3)nc2n1,aryl_c1_amide_c2_hetaryl,7.0504050937406333,17-Aug-2010,21-Jul-10,5sfr_31,train,test,train,train,train,train,train
32,Cn1ncc(C(=O)N2CCC2)c1C(=O)NCCc1nc(-c2ccccc2)nn1CC1CC1,aryl_c1_amide_c2_hetaryl,8.247106845115406,02-Aug-2011,10-May-11,5se8_32,train,test,val,val,train,test,train
33,CN(C)CCn1nc(-c2ccccn2)cc1NC(=O)c1nc(C2CC2)ccc1Nc1cncnc1,aminohetaryl_c1_amide,8.980468315468744,14-Sep-2009,15-Jun-09,5sf4_33,test,train,train,train,train,train,train
34,Cc1cc(-n2nc(N3CCCC3)nc2CCc2nc3c(C(F)(F)F)cc(Cl)c(C)n3n2)ccn1,c1_hetaryl_alkyl_c2_hetaryl,8.9706322708561586,08-Apr-2013,01-Feb-12,5sej_34,val,val,,test,test,,test
35,CN(C)CCn1nc(NC(=O)c2nc(C3CC3)ccc2Nc2cncnc2)cc1-c1ccccn1,aminohetaryl_c1_amide,7.6223659657524077,28-Jul-2009,15-Jun-09,5sf4_35,test,train,train,train,train,train,val
36,Cn1cc(-c2ccccc2)nc1CCNC(=O)c1nc(C2CC2)cnc1Nc1cncnc1,aminohetaryl_c1_amide,7.792392558088086,24-Jan-2011,27-Apr-10,5sfl_36,test,train,train,train,train,test,val
37,COc1ccc(Cn2nc(CCc3nc4c(Cl)cc(Cl)c(C)n4n3)nc2N2CCCC2)cc1,c1_hetaryl_alkyl_c2_hetaryl,8.5876236666765275,18-Jun-2012,01-Feb-12,5sej_37,train,,test,test,val,,train
38,COC[C@H]1CCCN1c1nc(CCc2nc3c(C)ncc(C)n3n2)n(Cc2ccc(OC)cc2)n1,c1_hetaryl_alkyl_c2_hetaryl,7.825765695058978,08-Apr-2013,01-OCT-12,5sfi_38,val,val,,test,test,,train
39,CCN(C)C(=O)c1cnn(C)c1C(=O)Nc1ccn2cc(-c3cccc(OCCO)c3)nc2n1,aryl_c1_amide_c2_hetaryl,8.0548269538260997,15-Nov-2010,21-Jul-10,5sfr_39,train,test,train,train,train,val,train
40,Cc1cc(-n2nc(CCc3nc4c(C(F)(F)F)cc(Cl)c(C)n4n3)nc2N2CCCC2)ccn1,c1_hetaryl_alkyl_c2_hetaryl,8.007490664932224,08-Apr-2013,01-Feb-12,5sej_40,val,val,,test,test,,test
41,CCOC(=O)Cn1nc(-c2ccccn2)cc1NC(=O)c1nc(C2CC2)ccc1Nc1cncnc1,aminohetaryl_c1_amide,8.4273607029571864,11-Jan-2010,27-Jul-09,5se0_41,test,train,train,train,train,train,train
42,Cc1nc2c(C)c(C)c(CCc3nc(-c4ccccc4)cn3C)nn2c1C,c1_hetaryl_alkyl_c2_hetaryl,8.620513186282726,17-Aug-2011,19-Jul-11,5sf5_42,train,train,val,test,train,test,test
43,CN(C)C(=O)c1cnn(C)c1C(=O)Nc1ccn2cc(-c3cccc(OCCCF)c3)nc2n1,aryl_c1_amide_c2_hetaryl,8.1442991691645625,11-Apr-2011,21-Jul-10,5sfr_43,train,test,train,val,train,test,test
44,CC(C)Cn1nc(-c2ccccn2)cc1NC(=O)c1nc(C2CC2)ccc1Nc1cncnc1,aminohetaryl_c1_amide,8.9079815292472024,14-Sep-2009,15-Jun-09,5sf4_44,test,train,train,train,train,train,train
45,COCCN(C)C(=O)c1cnn(C)c1C(=O)Nc1ccn2cc(-c3cccc(OCCF)c3)nc2n1,aryl_c1_amide_c2_hetaryl,7.8979438074248112,27-Sep-2010,21-Jul-10,5sfr_45,train,test,train,train,train,train,train
46,Cn1nc(-c2ccc3ccccc3n2)cc1NC(=O)c1nc(C2CC2)ccc1Nc1cncnc1,aminohetaryl_c1_amide,10.101262356231333,28-Jul-2009,15-Jun-09,5sf4_46,test,train,train,train,train,train,val
47,Cc1c(Cl)cc(C(F)(F)F)c2nc(CCc3nc(N4CCCC4)nn3C3CCOCC3)nn12,c1_hetaryl_alkyl_c2_hetaryl,9.4609529247967945,21-Jan-2013,01-Feb-12,5sej_47,val,val,,test,test,,train
48,CC(C)n1ncc2cc(CCc3nc(-c4ccccc4)cn3C)ncc21,c1_hetaryl_alkyl_c2_hetaryl,6.0658647910079223,28-Mar-2011,24-Sep-10,5se2_48,train,train,train,test,train,test,train
49,Cn1ncc(C(=O)N2CCC2)c1C(=O)NCCc1nc(-c2ccccc2)nn1CC(F)(F)F,aryl_c1_amide_c2_hetaryl,7.366272493072591,15-Sep-2011,10-May-11,5se8_49,train,test,val,val,train,test,train
50,Cc1c(Cl)cc(OCCN2CCOCC2)c2nc(CCc3nc(N4CCCC4)nn3C)nn12,c1_hetaryl_alkyl_c2_hetaryl,8.8642314854321773,14-Jan-2013,01-Feb-12,5sej_50,val,val,,test,test,,val
51,COCCN(C)C(=O)c1cnn(C)c1C(=O)Nc1ccn2cc(-c3cccc(OCF)c3)nc2n1,aryl_c1_amide_c2_hetaryl,7.7215207769536773,27-Sep-2010,21-Jul-10,5sfr_51,train,test,train,train,train,train,train
52,Cn1cc(-c2ccccc2)nc1CCc1nc2cccc(Cl)c2c(=O)[nH]1,c1_hetaryl_alkyl_c2_hetaryl,6.9127902115846346,16-May-2011,24-Sep-10,5se2_52,train,train,train,test,train,test,test
53,COCCn1nc(-c2ccccn2)cc1NC(=O)c1nc(C2CC2)ccc1Nc1cncnc1,aminohetaryl_c1_amide,9.742321425130815,19-Jan-2010,27-Jul-09,5se0_53,test,train,train,train,train,train,train
54,Cn1cc(-c2ccccc2)nc1CCc1nc(N2CCOCC2)c2cc(Cl)ccc2n1,c1_hetaryl_alkyl_c2_hetaryl,8.9653715433746792,04-Apr-2011,09-Feb-11,5sed_54,train,train,train,test,train,test,val
55,CN(C)c1nc(CCc2nc(-c3ccccc3)cn2C)nc2ccc(Cl)cc12,c1_hetaryl_alkyl_c2_hetaryl,8.487715936718146,11-Apr-2011,24-Sep-10,5se2_55,train,train,train,test,train,test,test
56,N#CCCn1nc(-c2ccccn2)cc1NC(=O)c1nc(C2CC2)ccc1Nc1cncnc1,aminohetaryl_c1_amide,6.769221650723183,11-Jan-2010,15-Jun-09,5sf4_56,test,train,train,train,train,train,train
57,Cc1c(C#N)ccc2nc(CCc3nc(N4CCCC4)nn3C)nn12,c1_hetaryl_alkyl_c2_hetaryl,8.45979570015794,25-Jun-2012,04-Jun-12,5seu_57,train,val,test,test,val,,test
58,CCCn1nc(-c2ccccn2)cc1NC(=O)c1nc(C2CC2)ccc1Nc1cncnc1,aminohetaryl_c1_amide,8.7739158840241758,14-Sep-2009,15-Jun-09,5sf4_58,test,train,train,train,train,train,train
59,Cn1cc(-c2ccccc2)nc1COc1ncc(C2CC2)nc1C(=O)NCc1ccccc1,c1_hetaryl_alkyl_c2_hetaryl,7.2407931296686523,09-May-2011,04-May-11,5sfa_59,train,train,train,test,train,test,train
60,CC(C)n1nc(-c2ccccn2)cc1NC(=O)c1nc(C2CC2)ccc1Nc1cncnc1,aminohetaryl_c1_amide,8.5927791070726034,14-Sep-2009,15-Jun-09,5sf4_60,test,train,train,train,train,train,train
61,Cc1nc(C(=O)N2CCC2)c(C(=O)NCCc2nc(-c3ccccc3)cn2C)n1C,aryl_c1_amide_c2_hetaryl,7.0656076103588987,04-Jul-2011,16-May-11,5sfo_61,train,test,val,val,train,test,train
62,Cc1nc2ccccc2nc1CCc1nc(-c2ccccc2)cn1CC1CC1,c1_hetaryl_alkyl_c2_hetaryl,8.0317973318571503,02-May-2011,24-Sep-10,5sek_62,train,train,train,test,train,test,train
63,Cn1cc(-c2ccccc2)nc1CCc1ccc2nc(C3CC3)c(CO)n2n1,c1_hetaryl_alkyl_c2_hetaryl,6.18337099178816754,07-Nov-2011,19-Jul-11,5sf5_63,train,train,val,test,train,test,val
64,Cn1cc(-c2ccccc2)nc1/C=C/c1nc(N2CCOCC2)c2cc(Cl)ccc2n1,c1_hetaryl_alkyl_c2_hetaryl,8.8814046347762376,04-Apr-2011,09-Feb-11,5sed_64,train,train,train,test,train,test,train
65,COCCN(C)C(=O)c1cnn(C)c1C(=O)Nc1ccn2cc(-c3cccc(OC)c3)nc2n1,aryl_c1_amide_c2_hetaryl,7.6569460770871514,24-Aug-2010,21-Jul-10,5sfr_65,train,test,train,train,train,train,test
66,Cn1ncc(C(=O)N2CCC2)c1C(=O)Nc1ccn2nc(-c3cccc(OCCF)n3)nc2c1,aryl_c1_amide_c2_hetaryl,8.270754192774693,12-Dec-2011,04-Feb-10,5se7_66,train,test,val,val,train,test,test
67,COc1cccc(-c2cn(C)c(CCNC(=O)c3c(C(=O)N4CCC4)cnn3C)n2)c1,aryl_c1_amide_c2_hetaryl,7.414629522877922,27-Jun-2011,16-May-11,5sfo_67,train,test,val,val,train,test,train
68,CN(C(=O)c1cnn(C)c1C(=O)NCCc1nc(-c2ccccc2)cn1C)C1CCCC1,aryl_c1_amide_c2_hetaryl,7.2658164578473317,14-Nov-2011,16-May-11,5sfo_68,train,test,val,val,train,test,train
69,O=C(Nc1cc(-c2ccc(Cl)cn2)nn1CCO)c1nc(C2CC2)ccc1Nc1cncnc1,aminohetaryl_c1_amide,8.798329820353418,14-Sep-2009,27-Jul-09,5se0_69,test,train,train,train,train,train,val
70,Cc1cc(Cl)cc2c(=O)[nH]c(CCc3nc(-c4ccccc4)cn3C)nc12,c1_hetaryl_alkyl_c2_hetaryl,7.0908292302919624,30-May-2011,24-Sep-10,5se2_70,train,train,val,test,train,test,train
71,Cn1ncc(C(=O)N2CCC2)c1C(=O)Nc1ccn2nc(-c3ccccc3OCF)nc2c1,aryl_c1_amide_c2_hetaryl,8.7607005208731072,05-Oct-2011,04-Feb-10,5se7_71,train,test,val,val,train,test,test
72,Cc1nc2ccccc2nc1CCc1nc(-c2ccccc2)cn1CC(F)(F)F,c1_hetaryl_alkyl_c2_hetaryl,6.7488194287909011,02-May-2011,24-Sep-10,5sek_72,train,train,train,test,train,test,train
73,CCN(C)C(=O)c1cnn(C)c1C(=O)Nc1ccn2cc(-c3cccc(O)c3)nc2n1,aryl_c1_amide_c2_hetaryl,8.4592952166892372,06-Dec-2010,21-Jul-10,5sfr_73,train,test,train,train,train,val,train
74,Cc1cccc2c(=O)[nH]c(CCc3nc(-c4ccccc4)cn3C)nc12,c1_hetaryl_alkyl_c2_hetaryl,7.8305607010210585,30-May-2011,24-Sep-10,5se2_74,train,train,val,test,train,test,test
75,Cc1nc(C(=O)N2CCC2)c(C(=O)Nc2ccn3nc(-c4ccccc4)nc3c2)n1C,aryl_c1_amide_c2_hetaryl,7.6994914706567084,10-Jan-2011,04-Feb-10,5se7_75,train,test,train,train,train,test,val
76,Cn1ncc(C(=O)N2CCC2)c1C(=O)Nc1ccn2nc(-c3cccc(OCCF)c3)nc2c1,aryl_c1_amide_c2_hetaryl,9.0479222925652456,24-Jan-2011,04-Feb-10,5se7_76,train,test,train,train,train,test,val
77,O=C(Nc1cc(-c2cccc(Cl)n2)nn1CCO)c1nc(C2CC2)ccc1Nc1cncnc1,aminohetaryl_c1_amide,8.85078088734462,14-Sep-2009,27-Jul-09,5se0_77,test,train,train,train,train,train,train
78,Cn1ncc(C(=O)N2CCC2)c1C(=O)NCCc1nc(-c2ccccc2)nn1C1CC1,aryl_c1_amide_c2_hetaryl,8.467245621007502,17-Oct-2011,10-May-11,5se8_78,train,test,val,val,train,test,train
79,Cc1c(C#N)nc2ccc(C#Cc3nc(-c4ccccc4)cn3C)nn12,c1_hetaryl_alkyl_c2_hetaryl,8.8958544494459915,16-Jan-2012,14-Dec-11,5sf1_79,train,train,test,test,train,,train
80,CN(C(=O)c1cnn(C)c1C(=O)NCCc1nc(-c2ccccc2)cn1C)C1CCC1,aryl_c1_amide_c2_hetaryl,8.1301231867332335,14-Nov-2011,16-May-11,5sfo_80,train,test,val,val,train,test,val
81,COCCN(C)C(=O)c1cnn(C)c1C(=O)Nc1ccn2cc(-c3cccc(F)n3)nc2n1,aryl_c1_amide_c2_hetaryl,6.7863839734140219,07-Feb-2011,21-Jul-10,5sfr_81,train,test,train,train,train,test,test
82,Cc1nn2ccc(CCc3nc(-c4ccccc4)cn3C)nc2c1C,c1_hetaryl_alkyl_c2_hetaryl,8.311046537362582,05-Dec-2011,19-Jul-11,5sf5_82,train,train,val,test,train,test,train
83,Cc1c(Cl)cc(C(F)(F)F)c2nc(CCc3nc(N4CCCC4)n(C4CC4)n3)nn12,c1_hetaryl_alkyl_c2_hetaryl,8.8027194418743804,18-Mar-2013,01-Feb-12,5sej_83,val,val,,test,test,,test
84,Cn1ncc(C(=O)NCCOCCO)c1C(=O)Nc1ccn2nc(-c3ccccc3)nc2c1,aryl_c1_amide_c2_hetaryl,7.86053022441057,18-Jun-2012,08-May-12,5ser_84,train,test,test,val,val,,val
85,COc1cccc(-c2nc3cc(NC(=O)c4c(C(=O)N5CCC5)cnn4C)ccn3n2)c1,aryl_c1_amide_c2_hetaryl,9.512861624522813,14-Dec-2010,04-Feb-10,5se7_85,train,test,train,train,train,val,train
86,O=C(Nc1ccn2nc(-c3ccccc3)nc2c1)c1cc(Cl)nc(N2CCCCC2)c1,aryl_c1_amide_c2_hetaryl,7.2811330927096936,27-Jun-2011,23-May-11,5sez_86,train,test,val,val,train,test,train
87,CCn1cc(-c2ccccc2)nc1CCc1nc2ccccc2nc1C,c1_hetaryl_alkyl_c2_hetaryl,7.3920519839587198,04-Apr-2011,24-Sep-10,5sek_87,train,train,train,test,train,test,train
88,O=C(Nc1cc(-c2ccccn2)nn1CC(F)(F)F)c1nc(C2CC2)ccc1Nc1cncnc1,aminohetaryl_c1_amide,8.5958507507903046,11-Jan-2010,15-Jun-09,5sf4_88,test,train,train,train,train,train,test
89,CN(C)c1nc(OCc2nc(-c3ccccc3)cn2C)nc2ccc(Cl)cc12,c1_hetaryl_alkyl_c2_hetaryl,8.434624497285926,15-Mar-2011,09-Feb-11,5sed_89,train,train,train,test,train,test,train
90,CCn1nc(-c2ccccn2)cc1NC(=O)c1nc(C2CC2)ccc1Nc1cncnc1,aminohetaryl_c1_amide,8.325598187154718,11-Jan-2010,15-Jun-09,5sf4_90,test,train,train,train,train,train,test
91,COCc1ccc(Nc2cncnc2)c(C(=O)Nc2cc(-c3ccccn3)nn2CCO)n1,aminohetaryl_c1_amide,8.280585840297406,21-Sep-2009,27-Jul-09,5se0_91,test,train,train,train,train,train,train
92,Cn1cc(-c2ccccc2)nc1CCNC(=O)c1cccn2c(C3CC3)nnc12,aryl_c1_amide_c2_hetaryl,7.3683736221711713,19-Mar-2012,16-May-11,5sfo_92,train,test,test,val,val,,val
93,Cn1cc(-c2ccccc2)nc1CCc1nc2ccc(Cl)cc2c(=O)[nH]1,c1_hetaryl_alkyl_c2_hetaryl,8.03919637508823,23-May-2011,24-Sep-10,5se2_93,train,train,train,test,train,test,val
94,Cn1cc(-c2ccccc2)nc1CCc1nc(-c2ccccc2)cc(=O)[nH]1,c1_hetaryl_alkyl_c2_hetaryl,6.0052505281549942205,07-Mar-2011,24-Sep-10,5se2_94,train,train,train,test,train,test,train
95,CN(c1cncnc1)c1ccc(C2CC2)nc1C(=O)N[C@@H]1CCN(c2ccc(Br)cn2)C1,aminohetaryl_c1_amide,5.0786973815772771,07-Apr-2010,14-Oct-09,5sfg_95,test,train,train,train,train,train,train
96,Cn1ncc(C(=O)N2CCC2)c1C(=O)Nc1ccn2nc(-c3cccc(OCF)c3)nc2c1,aryl_c1_amide_c2_hetaryl,9.068376648410916,24-Jan-2011,04-Feb-10,5se7_96,train,test,train,train,train,test,train
97,COc1ccc(Cn2nc(N3CCCC3)nc2CCc2nc3c(Cl)cc(Cl)c(C)n3n2)cc1,c1_hetaryl_alkyl_c2_hetaryl,9.1975037929801218,18-Jun-2012,01-Feb-12,5sej_97,train,train,test,test,val,,test
98,Cn1cc(-c2ccccc2)nc1CCc1nc2ccccc2nc1N1CCCC1,c1_hetaryl_alkyl_c2_hetaryl,8.4633800934352763,20-Dec-2010,24-Sep-10,5sek_98,train,train,train,test,train,val,train
99,Cc1cc(CNC(=O)c2cnn(C)c2C(=O)Nc2ccn3cc(-c4ccccc4)nc3n2)n[nH]1,aryl_c1_amide_c2_hetaryl,7.7772315206514198,17-Aug-2010,20-Jul-10,5sf3_99,train,test,train,train,train,train,train
100,Cn1cc(-c2ccccc2)nc1COc1nc(OC2CCOCC2)c2cc(Cl)ccc2n1,c1_hetaryl_alkyl_c2_hetaryl,7.8061799739838869,04-Apr-2011,09-Feb-11,5sed_100,train,train,train,test,train,test,test
101,O=C(Nc1ccn2nc(-c3ccccc3)nc2c1)c1cc(Cl)nc(NC2CC2)c1,aryl_c1_amide_c2_hetaryl,8.2131743111534448,11-Jul-2011,09-Feb-11,5se3_101,train,test,val,val,train,test,train
102,O=C(NCCc1cnc(-c2ccccc2)[nH]1)c1nc(C2CC2)ccc1Nc1cncnc1,aminohetaryl_c1_amide,8.675451255051176,02-Nov-2009,14-Oct-09,5sfg_102,test,train,train,train,train,train,train
103,O=C(Nc1cc(-c2ccccn2)nn1CCO)c1nc(C2CC2)ccc1Nc1cncnc1,aminohetaryl_c1_amide,8.6472388082761693,26-Aug-2009,27-Jul-09,5se0_103,test,train,train,train,train,train,train
104,CC(C)(C)n1nc(-c2ccccn2)cc1NC(=O)c1nc(C2CC2)ccc1Nc1cncnc1,aminohetaryl_c1_amide,7.8916718057338158,11-Jan-2010,15-Jun-09,5sf4_104,test,train,train,train,train,train,train
105,COc1cccc(-c2cn3ccc(NC(=O)c4c(C(=O)N(C)CCOCCF)cnn4C)nc3n2)c1,aryl_c1_amide_c2_hetaryl,6.6539053315020373,17-Aug-2010,21-Jul-10,5sfr_105,train,test,train,train,train,train,train
106,Cc1c(C(F)(F)F)nc2ccc(C#Cc3nc(-c4ccccc4)cn3C)nn12,c1_hetaryl_alkyl_c2_hetaryl,8.7267671659569537,09-Jan-2012,14-Dec-11,5sf1_106,train,train,test,test,train,,train
107,CCc1ccc(Nc2cncnc2)c(C(=O)Nc2cc(-c3ccccn3)nn2CCO)n1,aminohetaryl_c1_amide,9.0061230850587886,21-Sep-2009,27-Jul-09,5se0_107,test,train,train,train,train,train,train
108,Cn1cc(-c2ccccc2)nc1COc1cc(N2CCOCC2)nc(-c2ccn[nH]2)n1,c1_hetaryl_alkyl_c2_hetaryl,6.4303300282385519,02-May-2011,04-Apr-11,5se6_108,train,train,train,test,train,test,train
109,Cc1nc2ccc(CCc3nc(-c4ccccn4)cn3C)nn2c1C,c1_hetaryl_alkyl_c2_hetaryl,8.4822764051662642,14-Jan-2013,19-Jul-11,5sf5_109,val,val,,test,test,,val
110,CN(C(=O)c1cnn(C)c1C(=O)N[C@@H]1CCn2c(nc(-c3ccccc3)c2Cl)C1)C1CC1,aryl_c1_amide_c2_hetaryl,7.2823794187728261,04-Oct-2010,04-Feb-10,5ses_110,train,test,train,train,train,train,train
111,COC1CN(C(=O)c2cnn(C)c2C(=O)Nc2ccn3nc(-c4cccc(F)c4)nc3c2)C1,aryl_c1_amide_c2_hetaryl,8.328271911760442,09-May-2011,04-Feb-10,5se7_111,train,test,train,val,train,test,val
112,COCCN(C)C(=O)c1cnn(C)c1C(=O)N[C@@H]1CCn2cc(-c3ccccc3)nc2C1,aryl_c1_amide_c2_hetaryl,7.4722412474790278,12-Apr-2010,04-Feb-10,5ses_112,train,test,train,train,train,train,train
113,Cn1nc(-c2ccccn2)cc1NC(=O)c1nc(C2CC2)ccc1Nc1cncnc1,aminohetaryl_c1_amide,8.4914121966100584,26-Aug-2009,15-Jun-09,5sf4_113,test,train,train,train,train,train,train
114,Cc1cccc(-c2cn3c(n2)C[C@H](NC(=O)c2c(C(=O)N(C)C4CC4)cnn2C)CC3)c1,aryl_c1_amide_c2_hetaryl,8.0692546716888867,04-Oct-2010,04-Feb-10,5ses_114,train,test,train,train,train,train,val
115,Cn1c(Cl)nc(C(=O)N2CCC2)c1C(=O)Nc1ccn2nc(-c3ccccc3)nc2c1,aryl_c1_amide_c2_hetaryl,9.343256213067622,07-Feb-2011,04-Feb-10,5se7_115,train,test,train,train,train,test,test
116,CC(C)Oc1cc(C(=O)Nc2ccn3nc(-c4ccccc4)nc3c2)cc(Cl)n1,aryl_c1_amide_c2_hetaryl,7.1875278433243706,25-Jul-2011,09-Feb-11,5se3_116,train,test,val,val,train,test,train
117,Cn1nc(N2CCCC2)nc1CCc1nc2cccc(C(F)(F)F)n2n1,c1_hetaryl_alkyl_c2_hetaryl,7.2472449575293234,18-Jun-2012,04-Jun-12,5seu_117,train,train,test,test,val,,train
118,O=C(N[C@@H]1C[C@@H](CO)N(c2ccc(Cl)cn2)C1)c1nc(C2CC2)ccc1Nc1cncnc1,aminohetaryl_c1_amide,8.62874737087506,19-Oct-2009,14-Oct-09,5sfg_118,test,train,train,train,train,train,train
119,Cc1c(Cl)cc(OCC(F)(F)F)c2nc(CCc3nc(N4CCCC4)nn3C)nn12,c1_hetaryl_alkyl_c2_hetaryl,9.304197274556908,01-Oct-2012,01-Feb-12,5sej_119,val,val,test,test,val,,train
120,COc1ccccc1-c1nc2cc(NC(=O)c3c(C(=O)N4CCC4)cnn3C)ccn2n1,aryl_c1_amide_c2_hetaryl,9.219085313918678,14-Dec-2010,04-Feb-10,5se7_120,train,test,train,train,train,val,val
121,Cc1c(CO)nc2ccc(OCc3nc(-c4ccccc4)cn3C)nn12,c1_hetaryl_alkyl_c2_hetaryl,6.4403075840149805,30-Jan-2012,11-Jul-11,5se9_121,train,train,test,test,train,,train
122,Cc1c(C#N)nc2ccc(CCc3nc(-c4ccccc4)cn3C)nn12,c1_hetaryl_alkyl_c2_hetaryl,8.271402756616568,16-Jan-2012,19-Jul-11,5sf5_122,train,train,test,test,train,,train
123,COc1c(Cl)ccc2nc(CCc3nc(-c4ccccc4)cn3C)[nH]c(=O)c12,c1_hetaryl_alkyl_c2_hetaryl,7.4804082426893928,16-May-2011,24-Sep-10,5sdu_123,train,train,train,test,train,test,train
124,Cn1nc(-c2ccc(Cl)cn2)cc1NC(=O)c1nc(C2CC2)ccc1Nc1cncnc1,aminohetaryl_c1_amide,8.499900808084277,14-Sep-2009,15-Jun-09,5sf4_124,test,train,train,train,train,train,test
125,Cn1ncc(C(=O)N(CCO)CCO)c1C(=O)Nc1ccn2nc(-c3ccccc3)nc2c1,aryl_c1_amide_c2_hetaryl,8.3996806702483386,18-Jun-2012,08-May-12,5ser_125,train,test,test,val,val,,test
126,Cn1ncc(C(=O)N2CCC2)c1C(=O)Nc1ccn2cc(-c3cccc(O)c3)nc2n1,aryl_c1_amide_c2_hetaryl,8.470698002212019,24-Aug-2010,21-Jul-10,5sfr_126,train,test,train,train,train,train,train
127,Cc1c(Cl)cc(C(F)(F)F)c2nc(CCc3nc(N4CCCC4)nn3C3CC3)nn12,c1_hetaryl_alkyl_c2_hetaryl,9.145086977692144,18-Mar-2013,01-Feb-12,5sej_127,val,val,,test,test,,test
128,Cc1c(C(N)=O)nc2ccc(OCc3nc(-c4ccccc4)cn3C)nn12,c1_hetaryl_alkyl_c2_hetaryl,6.9411224529694928,07-Nov-2011,11-Jul-11,5se9_128,train,train,val,test,train,test,train
129,Cc1nc(CCc2nc(-c3ccccc3)cn2C)nc2ccccc12,c1_hetaryl_alkyl_c2_hetaryl,8.280172763168315,07-Feb-2011,24-Sep-10,5se2_129,train,train,train,test,train,test,val
130,COc1ccccc1-c1cn(C)c(CCNC(=O)c2c(C(=O)N3CCC3)cnn2C)n1,aryl_c1_amide_c2_hetaryl,8.770574152079305,27-Jun-2011,16-May-11,5sfo_130,train,test,val,val,train,test,val
131,CC(=O)O.O=C(Nc1ccn2nc(-c3ccccc3)nc2c1)c1c(C(=O)N2CCC2)cnn1CCF,aryl_c1_amide_c2_hetaryl,5.87302939991577647,24-Jan-2011,04-Feb-10,5se7_131,train,test,train,train,train,test,val
132,O=C(Nc1ccn2nc(-c3ccccc3)nc2c1)c1cc(Cl)nc(N2CCCC2)c1,aryl_c1_amide_c2_hetaryl,7.3163145854068108,27-Jun-2011,09-Feb-11,5se3_132,train,test,val,val,train,test,train
133,CN(C(=O)c1cnn(C)c1C(=O)N[C@@H]1CCn2cc(-c3ccccc3)nc2C1)C1CC1,aryl_c1_amide_c2_hetaryl,8.3668346463160965,19-Apr-2010,04-Feb-10,5ses_133,train,test,train,train,train,train,test
134,Cn1nc(NC(=O)c2nc(C3CC3)ccc2Nc2cncnc2)cc1-c1ccccn1,aminohetaryl_c1_amide,6.8963570119925152,16-Nov-2009,15-Jun-09,5sf4_134,test,train,train,train,train,train,test
135,Cc1c(Br)cc(C(F)(F)F)c2nc(CCc3nc(N4CCCC4)nn3C)nn12,c1_hetaryl_alkyl_c2_hetaryl,9.3636940151127646,06-Aug-2012,01-Feb-12,5sej_135,val,val,test,test,val,,train
136,CCN(C)C(=O)c1cnn(C)c1C(=O)N[C@@H]1CCn2cc(-c3cccc(OC)c3)nc2C1,aryl_c1_amide_c2_hetaryl,5.76113478208281066,06-Dec-2010,04-Feb-10,5ses_136,train,test,train,train,train,val,train
137,Cn1ncc(C(=O)N2CCC2)c1C(=O)Nc1cn(-c2ccc3ccccc3n2)cn1,aryl_c1_amide_c2_hetaryl,9.1567672219019904,26-Aug-2009,05-Jun-09,5sen_137,train,test,train,train,train,train,train
138,Cc1cc(C#Cc2nc(N3CCCC3)nn2C)nn2c(C)c(C(F)(F)F)nc12,c1_hetaryl_alkyl_c2_hetaryl,9.1924649719311464,26-Sep-2012,14-Dec-11,5sf1_138,val,val,test,test,val,,test
139,COC1CN(C(=O)c2cnn(C)c2C(=O)Nc2ccn3nc(-c4ccccc4)nc3c2)C1,aryl_c1_amide_c2_hetaryl,7.6104215067157737,19-Jul-2010,04-Feb-10,5se7_139,train,test,train,train,train,train,train
140,Cn1ncc(C(=O)N2CCC2)c1C(=O)Nc1ccn2nc(-c3cccc(F)c3)nc2c1,aryl_c1_amide_c2_hetaryl,8.973574185630191,11-Apr-2011,04-Feb-10,5se7_140,train,test,train,val,train,test,val
141,Cc1cccc(-c2cn3c(n2)C[C@H](NC(=O)c2c(C(=O)N4CCC4)cnn2C)CC3)c1,aryl_c1_amide_c2_hetaryl,8.13335827943396,25-May-2010,04-Feb-10,5ses_141,train,test,train,train,train,train,train
142,Cc1oc(-c2ccccc2)nc1CCc1cccc(N2CCCC2)n1,c1_hetaryl_alkyl_c2_hetaryl,5.696885191335948,07-Feb-2011,24-Sep-10,5sdu_142,train,train,train,test,train,test,train
143,CC(=O)Oc1cccc(-c2cn3ccc(NC(=O)c4c(C(=O)N5CCC5)cnn4C)nc3n2)c1,aryl_c1_amide_c2_hetaryl,7.4370056920525793,17-Aug-2010,21-Jul-10,5sfr_143,train,test,train,train,train,train,train
144,CCN(C)C(=O)c1c(C(=O)Nc2ccn3cc(-c4ccccc4)nc3n2)cnn1C,aryl_c1_amide_c2_hetaryl,5.0,03-May-2010,28-Apr-10,5sfc_144,train,test,train,train,train,train,train
145,CNC(=O)c1cc(CCc2nc(N3CCCC3)nn2C)nn2c(C)c(C(F)(F)F)nc12,c1_hetaryl_alkyl_c2_hetaryl,7.8645810949721475,19-Feb-2013,13-FEB-13,5sfb_145,val,val,,test,test,,train
146,COCCOc1cc(Cl)c(C)n2nc(CCc3nc(N4CCCC4)nn3C)nc12,c1_hetaryl_alkyl_c2_hetaryl,9.764576218128481,21-Jan-2013,01-Feb-12,5sej_146,val,val,,test,test,,train
147,COCCN(C)C(=O)c1cnn(C)c1C(=O)Nc1ccn2cc(-c3ccnc(F)c3)nc2n1,aryl_c1_amide_c2_hetaryl,6.1075942644068004,24-Jan-2011,21-Jul-10,5sfr_147,train,test,train,train,train,test,val
148,COc1cccc(-c2cn3c(n2)C[C@H](NC(=O)c2c(C(=O)N4CCC4)cnn2C)CC3)c1,aryl_c1_amide_c2_hetaryl,6.04049544820860592,20-Dec-2010,04-Feb-10,5ses_148,train,test,train,train,train,val,train
149,Cc1ncc(C)n2nc(CCc3nc(-n4ccccc4=O)cn3C)nc12,c1_hetaryl_alkyl_c2_hetaryl,6.7108571640676669,23-Sep-2013,08-Nov-11,5sep_149,val,val,,test,test,,train
150,O=C1c2ccccc2C(=O)N1CCc1nc(-c2ccccc2)cs1,aryl_c1_amide_c2_hetaryl,6.46544721866036454,04-Apr-2011,07-Oct-10,5seo_150,train,test,train,val,train,test,train
151,Cn1cc(-c2cccnc2)nc1CCNC(=O)c1c(C(=O)N2CCC2)cnn1C,aryl_c1_amide_c2_hetaryl,7.9602290730684206,27-Jun-2011,16-May-11,5sfo_151,train,test,val,val,train,test,train
152,CNC(=O)c1cc2[nH]c(-c3ccccc3)nc2cc1NC(=O)c1oc(COCc2ccccc2)nc1C,aryl_c1_amide_c2_hetaryl,7.295394827799015,05-Oct-2009,30-Sep-09,5sex_152,train,test,train,train,train,train,val
153,Cn1ncc(C(=O)NCc2ccno2)c1C(=O)Nc1ccn2cc(-c3ccccc3)nc2n1,aryl_c1_amide_c2_hetaryl,7.45523763978337,05-Jul-2010,03-May-10,5sfj_153,train,test,train,train,train,train,test
154,Cc1c(Cl)cc(C(F)(F)F)c2nc(/C=C/c3nc(N4CCCC4)nn3C)nn12,c1_hetaryl_alkyl_c2_hetaryl,8.5617741923954704,28-Jan-2013,01-Feb-12,5sei_154,val,val,,test,test,,train
155,Cc1c(C(F)F)nc2ccc(C#Cc3nc(N4CCCC4)nn3C)nn12,c1_hetaryl_alkyl_c2_hetaryl,8.3240384503578304,02-Apr-2012,14-Dec-11,5sf1_155,train,train,test,test,val,,val
156,Cn1nc(N2CCCC2)nc1CCc1nc2cc(C#N)ccn2n1,c1_hetaryl_alkyl_c2_hetaryl,6.4985737291105933,18-Jun-2012,04-Jun-12,5seu_156,train,train,test,test,val,,train
157,Cc1c(Cl)cc(C(F)(F)F)c2nc(CCc3nc(N4CCCC4)nn3C)nn12,c1_hetaryl_alkyl_c2_hetaryl,8.9602841192870297,02-Jul-2012,01-Feb-12,5sej_157,train,val,test,test,val,,train
158,Cc1c(Cl)cc(C(F)(F)F)c2nc(CCc3nc(N4CCCC4)n(C)n3)nn12,c1_hetaryl_alkyl_c2_hetaryl,9.3526170298853795,26-Nov-2012,01-Feb-12,5sej_158,val,val,test,test,val,,train
159,Cn1nc(-c2cccc(Cl)n2)cc1NC(=O)c1nc(C2CC2)ccc1Nc1cncnc1,aminohetaryl_c1_amide,8.5579908408590475,21-Sep-2009,15-Jun-09,5sf4_159,test,train,train,train,train,train,val
160,COc1cccc(-c2nc3cc(NC(=O)c4c(C(=O)N5CCC5)cnn4C)ccn3n2)n1,aryl_c1_amide_c2_hetaryl,8.961379838050297,02-Nov-2011,04-Feb-10,5se7_160,train,test,val,val,train,test,val
161,Cn1ncc(C(=O)N2CCC2)c1C(=O)N[C@@H]1CCn2cc(-c3cccc(Cl)c3)nc2C1,aryl_c1_amide_c2_hetaryl,8.181312336558486,03-May-2010,04-Feb-10,5ses_161,train,test,train,train,train,train,val
162,Clc1ccc2nc(CCc3cccc(N4CCCC4)n3)nc(N3CCOCC3)c2c1,c1_hetaryl_alkyl_c2_hetaryl,8.4759935544426273,04-Apr-2011,09-Feb-11,5sed_162,train,train,train,test,train,test,train
163,CCc1nc(C)c(C(=O)Nc2cc3nc(-c4ccccc4)[nH]c3cc2C(=O)NCC2(CO)COC2)o1,aryl_c1_amide_c2_hetaryl,8.138286412428566,12-Oct-2009,30-Sep-09,5sex_163,train,test,train,train,train,train,train
164,Cn1cc(-c2ccccc2)nc1C#Cc1ccc2nc(C(F)(F)F)cn2n1,c1_hetaryl_alkyl_c2_hetaryl,7.9212532657263925,13-Feb-2012,14-Dec-11,5sf1_164,train,train,test,test,train,,train
165,Cn1ncc(C(=O)N2CC(F)C2)c1C(=O)Nc1ccn2nc(-c3ccccc3)nc2c1,aryl_c1_amide_c2_hetaryl,9.44471187820255,19-Jul-2010,04-Feb-10,5se7_165,train,test,train,train,train,train,train
166,Cc1nnc2c(C(=O)NCCc3nc(-c4ccccc4)cn3C)cccn12,aryl_c1_amide_c2_hetaryl,7.0226056690066214,02-Apr-2012,16-May-11,5sfo_166,train,test,test,val,val,,train
167,CN(C)c1cc(C(=O)Nc2ccn3nc(-c4ccccc4)nc3c2)cc(Cl)n1,aryl_c1_amide_c2_hetaryl,6.880612126377664,27-Jun-2011,09-Feb-11,5se3_167,train,test,val,val,train,test,train
168,Cn1cc(-c2ccccc2)nc1COc1ccc2nc(C3CC3)c(CO)n2n1,c1_hetaryl_alkyl_c2_hetaryl,6.7776321445467366,30-Jan-2012,11-Jul-11,5se9_168,train,train,test,test,train,,train
169,Cn1cc(-c2ccccc2)nc1CCNC(=O)c1c(C(=O)N2CCC2)nnn1C,aryl_c1_amide_c2_hetaryl,7.1327800775087447,05-Oct-2011,16-May-11,5sfo_169,train,test,val,val,train,test,train
170,Cn1cc(-c2ccccc2)nc1CCc1nc(O)c2ccccc2n1,c1_hetaryl_alkyl_c2_hetaryl,7.2242585189435788,20-Dec-2010,24-Sep-10,5se2_170,train,train,train,test,train,val,train
171,CCc1cc(C(F)(F)F)c2nc(CCc3nc(N4CCCC4)nn3C)nn2c1C,c1_hetaryl_alkyl_c2_hetaryl,8.4728993048081027,21-Aug-2012,01-Feb-12,5sej_171,val,val,test,test,val,,train
172,Cn1ncc(-c2ccccc2)c1C(=O)Nc1ccn2nc(-c3ccccc3)nc2c1,aryl_c1_amide_c2_hetaryl,6.8795017479109598,15-Nov-2010,04-Feb-10,5se7_172,train,test,train,train,train,val,train
173,Cc1c(-c2ccccc2)nc2n1CC[C@@H](NC(=O)c1c(C(=O)N3CCC3)cnn1C)C2,aryl_c1_amide_c2_hetaryl,7.9589232802845247,26-Apr-2010,04-Feb-10,5ses_173,train,test,train,train,train,train,test
174,Cn1ncc(C(=O)N2CCC2)c1C(=O)Nc1ccc2sc(-c3ccccc3)nc2c1,aryl_c1_amide_c2_hetaryl,9.112945621949043,09-Mar-2010,04-Feb-10,5sfx_174,train,test,train,train,train,train,train
175,CCOC(=O)c1cnn(C)c1C(=O)Nc1ccn2nc(-c3cccc(F)c3)nc2c1,aryl_c1_amide_c2_hetaryl,7.3368080908391071,11-Apr-2011,04-Feb-10,5se7_175,train,test,train,val,train,test,train
176,Cn1ncc(C(=O)N2CCC2)c1C(=O)Nc1ccn2nc(-c3cccc(F)n3)nc2c1,aryl_c1_amide_c2_hetaryl,8.920456992597094,29-Jun-2011,04-Feb-10,5se7_176,train,test,val,val,train,test,train
177,O=C1c2ccccc2C(=O)N1CCc1csc(-c2ccccc2)n1,aryl_c1_amide_c2_hetaryl,5.59845178973504193,04-Apr-2011,07-Oct-10,5seo_177,train,test,train,val,train,test,train
178,CCc1nc(C)c(C(=O)Nc2cc3nc(-c4ccccc4)[nH]c3cc2C(=O)NCC2(C)COC2)o1,aryl_c1_amide_c2_hetaryl,8.4523483416400307,12-Oct-2009,30-Sep-09,5sex_178,train,test,train,train,train,train,train
179,CNC(=O)c1nc(-c2ccccn2)sc1NC(=O)c1nc(C2CC2)ccc1Nc1cncnc1,aminohetaryl_c1_amide,8.865822892423233,21-Sep-2009,15-Jun-09,5sf4_179,test,train,train,train,train,train,val
180,Cn1cc(-c2ccccc2)nc1/C=C/c1ccc2ccccc2n1,c1_hetaryl_alkyl_c2_hetaryl,6.5661965755358198,25-Oct-2010,24-Sep-10,5se2_180,train,train,train,test,train,val,val
181,O=C(NCCCc1noc(-c2ccccc2)n1)c1nc(C2CC2)cnc1Nc1cncnc1,aminohetaryl_c1_amide,6.30510975179132327,14-Jun-2010,27-Apr-10,5sfl_181,test,train,train,train,train,train,train
182,Cn1cc(-c2ccccc2)nc1CCNC(=O)c1cccn2cnnc12,aryl_c1_amide_c2_hetaryl,6.4057898252901191,16-Apr-2012,16-May-11,5sfo_182,train,test,test,val,val,,val
183,Cn1cnc(C(=O)N2CCC2)c1C(=O)Nc1ccn2nc(-c3ccccc3)nc2c1,aryl_c1_amide_c2_hetaryl,7.6711516930888035,10-Jan-2011,04-Feb-10,5se7_183,train,test,train,train,train,test,val
184,CNC(=O)c1cn2cc(-c3ccccc3)nc2cc1NC(=O)c1nc(C2CC2)ccc1Nc1cncnc1,aminohetaryl_c1_amide,9.649459435662531,19-Oct-2009,15-Jun-09,5sf4_184,test,train,train,train,train,train,val
185,COc1cc(-c2nc3cc(NC(=O)c4c(C(=O)N5CCC5)cnn4C)ccn3n2)ccn1,aryl_c1_amide_c2_hetaryl,8.3253225321268007,06-Feb-2012,04-Feb-10,5se7_185,train,test,test,val,train,,test
186,Cn1ncc(C(=O)N2CCC2)c1C(=O)Nc1ccn2nc(-c3cccnc3F)nc2c1,aryl_c1_amide_c2_hetaryl,8.3320803146826385,02-Aug-2011,04-Feb-10,5se7_186,train,test,val,val,train,test,train
187,Cc1c(Cl)cc(C(F)F)c2nc(CCc3nc(N4CCCC4)nn3C)nn12,c1_hetaryl_alkyl_c2_hetaryl,8.776968320187444,11-Mar-2013,01-Feb-12,5sej_187,val,val,,test,test,,train
188,Cc1cc(C(F)(F)F)c2nc(CCc3nc(N4CCCC4)nn3C)nn2c1C,c1_hetaryl_alkyl_c2_hetaryl,8.8374355934769806,13-Aug-2012,01-Feb-12,5sej_188,val,val,test,test,val,,test
189,Cc1nc2ccc(CCc3nc(-c4cccnc4)cn3C)nn2c1C,c1_hetaryl_alkyl_c2_hetaryl,5.77262807227759026,03-Dec-2012,19-Jul-11,5sf5_189,val,val,test,test,val,,test
190,CN(CCF)C(=O)c1cnn(C)c1C(=O)N[C@@H]1CCn2cc(-c3ccccc3)nc2C1,aryl_c1_amide_c2_hetaryl,6.6874356396980875,20-Jul-2010,04-Feb-10,5ses_190,train,test,train,train,train,train,train
191,Cn1cc(-c2ccccc2)nc1COc1ncc(C2CC2)nc1C(=O)NCC1CC1,c1_hetaryl_alkyl_c2_hetaryl,6.6540502066184947,09-May-2011,04-May-11,5sfa_191,train,train,train,test,train,test,train
192,CN(C(=O)c1cnn(C)c1C(=O)N[C@@H]1CCn2cc(-c3ccccc3OC(F)F)nc2C1)C1CC1,aryl_c1_amide_c2_hetaryl,8.0981604079487703,04-Oct-2010,04-Feb-10,5ses_192,train,test,train,train,train,train,train
193,Cn1ncc(C(=O)N2C[C@@H]3C[C@H]2CO3)c1C(=O)Nc1ccn2nc(N3CCOCC3)nc2c1,aryl_c1_amide_c2_hetaryl,6.8913842438937762,16-May-2011,21-Sep-10,5seh_193,train,test,train,val,train,test,train
194,Cn1ncc(C(=O)NCc2ccccc2)c1C(=O)Nc1ccn2cc(-c3ccccc3)nc2n1,aryl_c1_amide_c2_hetaryl,6.20506185883056663,05-Jul-2010,03-May-10,5sfj_194,train,test,train,train,train,train,test
195,CN(C)C(=O)c1cnn(C)c1C(=O)Nc1ccc2[nH]c(-c3ccccc3)nc2c1,aryl_c1_amide_c2_hetaryl,9.438467849880965,21-Jun-2010,10-Sep-08,5sdw_195,train,test,train,train,train,train,test
196,Cc1cn2nc(-c3ccccc3)nc2cc1NC(=O)c1c(C(=O)N2CCC2)cnn1C,aryl_c1_amide_c2_hetaryl,9.7304870557820835,23-Jun-2010,04-Feb-10,5se7_196,train,test,train,train,train,train,train
197,COc1c(C)cnc(CCc2nc(-c3ccccc3)cn2C)c1C,c1_hetaryl_alkyl_c2_hetaryl,6.16690837418651336,04-Oct-2010,24-Sep-10,5se2_197,train,train,train,test,train,train,train
198,COc1nc(OCc2nc(-c3ccccc3)cn2C)nc2ccc(Cl)cc12,c1_hetaryl_alkyl_c2_hetaryl,7.832260394155602,21-Mar-2011,09-Feb-11,5sed_198,train,train,train,test,train,test,train
199,CNc1cc(C(=O)Nc2ccn3nc(-c4ccccc4)nc3c2)cc(Cl)n1,aryl_c1_amide_c2_hetaryl,7.0656884365878656,11-Jul-2011,09-Feb-11,5se3_199,train,test,val,val,train,test,val
200,Cc1ncc(C)n2nc(CCc3nc(N4CCCC4=O)cn3C3CC3)nc12,c1_hetaryl_alkyl_c2_hetaryl,7.5638373529592438,23-Sep-2013,08-Nov-11,5sep_200,val,val,,test,test,,val
201,CC(C)c1nnc2c(C(=O)NCCc3nc(-c4ccccc4)cn3C)cccn12,aryl_c1_amide_c2_hetaryl,7.6047784794264868,19-Mar-2012,16-May-11,5sfo_201,train,test,test,val,val,,val
202,Cc1oc(-c2ccccc2)nc1CCNC(=O)c1nc(C2CC2)cnc1Nc1cncnc1,aminohetaryl_c1_amide,8.512013668870606,07-Jun-2010,27-Apr-10,5se5_202,test,train,train,train,train,train,train
203,CCN(CC)C(=O)c1cnn(C)c1C(=O)Nc1ccn2nc(N3CCOCC3)nc2c1,aryl_c1_amide_c2_hetaryl,7.6488803902623281,08-Nov-2010,21-Sep-10,5seh_203,train,test,train,train,train,val,train
204,Cn1ncc(C(=O)N2CCC2)c1C(=O)Nc1cc2nc(-c3ccccc3)nn2cc1F,aryl_c1_amide_c2_hetaryl,9.1096175916442923,04-Oct-2010,04-Feb-10,5se7_204,train,test,train,train,train,train,train
205,CC(C)OC(=O)c1cnn(C)c1C(=O)Nc1ccn2nc(-c3ccccc3)nc2c1,aryl_c1_amide_c2_hetaryl,8.1022629746545727,24-Aug-2010,04-Feb-10,5se7_205,train,test,train,train,train,train,test
206,Cc1c(Cl)cc(OC(F)F)c2nc(CCc3nc(N4CCCC4)n(C)n3)nn12,c1_hetaryl_alkyl_c2_hetaryl,9.270848774394986,26-Nov-2012,01-Feb-12,5sej_206,val,val,test,test,val,,train
207,CN(C(=O)c1cnn(C)c1C(=O)Nc1ccn2nc(N3CCOCC3)nc2c1)C1CC1,aryl_c1_amide_c2_hetaryl,8.958613013532722,20-Dec-2010,21-Sep-10,5seh_207,train,test,train,train,train,val,train
208,Cc1c(Cl)cc(OC2CCOCC2)c2nc(CCc3nc(N4CCCC4)nn3C)nn12,c1_hetaryl_alkyl_c2_hetaryl,9.440093374963887,21-Jan-2013,01-Feb-12,5sej_208,val,val,,test,test,,test
209,Cc1sc(CCNC(=O)c2c(C(=O)N3CCC3)cnn2C)nc1-c1ccccc1,aryl_c1_amide_c2_hetaryl,6.7451316684851752,10-Oct-2011,16-May-11,5sfo_209,train,test,val,val,train,test,train
210,Cc1nn2ccc(OCc3nc(-c4ccccc4)cn3C)nc2c1C,c1_hetaryl_alkyl_c2_hetaryl,8.469160221383479,26-Sep-2011,04-Apr-11,5se6_210,train,train,val,test,train,test,train
211,CN(Cc1ccccn1)C(=O)c1cnn(C)c1C(=O)Nc1ccn2cc(-c3ccccc3)nc2n1,aryl_c1_amide_c2_hetaryl,7.1929387600827608,05-Jul-2010,03-May-10,5sfj_211,train,test,train,train,train,train,val
212,CC(C)c1ncc(Nc2ccon2)c(C(=O)N[C@@H]2CCN(c3ccc(Cl)cn3)C2)n1,aminohetaryl_c1_amide,6.6340633970948729,30-Nov-2009,14-Oct-09,5sfg_212,test,train,train,train,train,train,train
213,Cc1nc(CNC(=O)c2cnn(C)c2C(=O)Nc2ccn3cc(-c4ccccc4)nc3n2)cs1,aryl_c1_amide_c2_hetaryl,6.19652581336312447,05-Jul-2010,03-May-10,5sfj_213,train,test,train,train,train,train,train
214,Cc1nc2c(C)c(C)c(OCc3nc(-c4ccccc4)cn3C)nn2c1C,c1_hetaryl_alkyl_c2_hetaryl,8.7692956863874305,08-Aug-2011,11-Jul-11,5se9_214,train,train,val,test,train,test,val
215,Cn1cc(-c2ccccc2)nc1CCc1cnc2ccccc2n1,c1_hetaryl_alkyl_c2_hetaryl,7.6787952431455515,25-Oct-2010,24-Sep-10,5sek_215,train,train,train,test,train,val,test
216,Cc1cnn2c(C)c(CCc3nc(N4CCCC4)nn3C)nc2c1C,c1_hetaryl_alkyl_c2_hetaryl,7.6926109443466955,28-Aug-2012,24-AUG-12,5sf6_216,val,val,test,test,val,,train
217,Cn1ncc2c1C(=O)N(c1ccn3nc(-c4cccc(F)c4)nc3c1)C2=O,aryl_c1_amide_c2_hetaryl,7.2941533862606172,03-May-2011,04-Feb-10,5se7_217,train,test,train,val,train,test,val
218,Cn1ncc(C(=O)N2CCC2)c1C(=O)Nc1ccn2nc(-c3ccnc(Cl)c3)nc2c1,aryl_c1_amide_c2_hetaryl,8.161025045044532,02-Nov-2011,04-Feb-10,5se7_218,train,test,val,val,train,test,train
219,Cc1cncc(-c2nc3cc(NC(=O)c4c(C(=O)N5CCC5)cnn4C)ccn3n2)c1,aryl_c1_amide_c2_hetaryl,7.9508207553540329,29-Nov-2010,04-Feb-10,5se7_219,train,test,train,train,train,val,train
220,CCOC(=O)c1cnn(C)c1C(=O)Nc1ccn2nc(-c3ccccc3OC)nc2c1,aryl_c1_amide_c2_hetaryl,7.9255492810454087,18-Jul-2011,04-Feb-10,5se7_220,train,test,val,val,train,test,test
221,CN(C)C(=O)c1cnn(C)c1C(=O)N[C@@H]1CCn2c(nc(-c3ccccc3)c2Cl)C1,aryl_c1_amide_c2_hetaryl,7.5222567022140536,04-Oct-2010,04-Feb-10,5ses_221,train,test,train,train,train,train,train
222,Cn1ncc(C(=O)N2CCOCC2)c1C(=O)Nc1cn(-c2ccc3ccccc3n2)cn1,aryl_c1_amide_c2_hetaryl,8.7552282385047047,07-Sep-2009,05-Jun-09,5sen_222,train,test,train,train,train,train,test
223,Cc1c(Cl)cc(OC(C)C)c2nc(CCc3nc(N4CCCC4)nn3C)nn12,c1_hetaryl_alkyl_c2_hetaryl,9.163151663264462,08-Jul-2013,01-Feb-12,5sej_223,val,val,,test,test,,train
224,Cn1nc(N2CCCC2)nc1CCc1nc2cc(C(F)(F)F)c(F)c(N)n2n1,c1_hetaryl_alkyl_c2_hetaryl,7.4901122903347055,18-Jun-2012,04-Jun-12,5seu_224,train,train,test,test,val,,val
225,Cn1ncc(C(=O)N2CCC2)c1C(=O)N[C@@H]1CCn2c(nc(-c3ccccc3)c2Cl)C1,aryl_c1_amide_c2_hetaryl,8.157099511149035,14-Jun-2010,04-Feb-10,5ses_225,train,test,train,train,train,train,train
226,Cc1c(C(F)(F)F)nc2ccc(OCc3nc(N4CCCC4)nn3C)nn12,c1_hetaryl_alkyl_c2_hetaryl,6.5373459935843963,09-Jul-2012,13-Oct-11,5sem_226,,val,test,test,val,,train
227,Cc1c(Cl)cc(OC(F)F)c2nc(CCc3nc(N4CCCC4)nn3C)nn12,c1_hetaryl_alkyl_c2_hetaryl,9.636388020107855,26-Sep-2012,01-Feb-12,5sej_227,val,val,test,test,val,,train
228,Cc1c(C#N)cc(C(F)(F)F)c2nc(CCc3nc(N4CCCC4)nn3C)nn12,c1_hetaryl_alkyl_c2_hetaryl,8.164689999130937,13-Aug-2012,01-Feb-12,5sej_228,val,val,test,test,val,,test
229,Cc1c(Cl)cc(C2CC2)c2nc(CCc3nc(N4CCCC4)nn3C)nn12,c1_hetaryl_alkyl_c2_hetaryl,8.00056495012367,17-Jul-2012,01-Feb-12,5sej_229,val,val,test,test,val,,test
230,COc1cccc(-c2cn3c(n2)C[C@H](NC(=O)c2c(C(=O)N(C)C)cnn2C)CC3)c1,aryl_c1_amide_c2_hetaryl,6.5789969336158469,20-Dec-2010,04-Feb-10,5ses_230,train,test,train,train,train,val,test
231,Cc1nc2ccc(CCc3nc(-c4ccncc4)cn3C)nn2c1C,c1_hetaryl_alkyl_c2_hetaryl,7.4901525655614214,03-Dec-2012,19-Jul-11,5sf5_231,val,val,test,test,val,,test
232,CN(CCOCCF)C(=O)c1cnn(C)c1C(=O)Nc1ccn2cc(-c3ccccc3)nc2n1,aryl_c1_amide_c2_hetaryl,7.363993805681677,17-Aug-2010,21-Jul-10,5sfr_232,train,test,train,train,train,train,train
233,Cn1cc(-c2ccccc2)nc1CCc1cccc(N2CCCC2)n1,c1_hetaryl_alkyl_c2_hetaryl,5.73465025610007534,25-Oct-2010,24-Sep-10,5se2_233,train,train,train,test,train,val,val
234,Cc1cc(-c2nc3cc(NC(=O)c4c(C(=O)N5CCC5)cnn4C)ccn3n2)ccn1,aryl_c1_amide_c2_hetaryl,8.7179171296758713,22-Nov-2010,04-Feb-10,5se7_234,train,test,train,train,train,val,train
235,Clc1ccc2nc(/C=C/c3cccc(N4CCCC4)n3)nc(N3CCOCC3)c2c1,c1_hetaryl_alkyl_c2_hetaryl,8.1999706407558652,04-Apr-2011,09-Feb-11,5sed_235,train,train,train,test,train,test,train
236,Cn1ncc(C(=O)N2CCC2)c1C(=O)Nc1cc2nc(-c3ccccc3)nn2cn1,aryl_c1_amide_c2_hetaryl,8.5837682814307565,12-Dec-2011,23-Nov-11,5sfm_236,train,test,val,val,train,test,train
237,Cn1cc(-c2ccccc2)nc1CCc1cccc(-c2ccccn2)n1,c1_hetaryl_alkyl_c2_hetaryl,5.61591857556731117,03-Jan-2011,24-Sep-10,5se2_237,train,train,train,test,train,test,train
238,CNC(=O)c1cc2[nH]c(-c3ccccc3)nc2cc1NC(=O)c1oc(CO)nc1C,aryl_c1_amide_c2_hetaryl,6.1258279232404504,05-Oct-2009,30-Sep-09,5sex_238,train,test,train,train,train,train,train
239,COCc1cnn(C)c1C(=O)Nc1ccn2nc(-c3ccccc3)nc2c1,aryl_c1_amide_c2_hetaryl,7.8404328067663798,21-Nov-2011,04-Feb-10,5se7_239,train,test,val,val,train,test,train
240,Cn1cc(-c2ccccc2)nc1COc1nc(N2CCOCC2)c2ccccc2n1,c1_hetaryl_alkyl_c2_hetaryl,7.9748990389531864,28-Mar-2011,09-Feb-11,5sed_240,train,train,train,test,train,test,test
241,Cc1cccc(-c2cn3c(n2)C[C@H](NC(=O)c2c(C(=O)N(C)C)cnn2C)CC3)c1,aryl_c1_amide_c2_hetaryl,7.4730149314400043,04-Oct-2010,04-Feb-10,5ses_241,train,test,train,train,train,train,val
242,CCN(C)C(=O)c1cnn(C)c1C(=O)N[C@@H]1CCn2cc(-c3ccccc3)nc2C1,aryl_c1_amide_c2_hetaryl,7.8274846369892275,12-Apr-2010,04-Feb-10,5ses_242,train,test,train,train,train,train,train
243,Nc1ccc(C2CC2)nc1C(=O)Nc1cc2nc(-c3ccccc3)[nH]c2cc1C(=O)NC1COC1,aryl_c1_amide_c2_hetaryl,7.9448511101106056,15-Feb-2010,30-Sep-09,5sex_243,train,test,train,train,train,train,val
244,Cc1ncc(C)n2nc(CCc3nc(N4CCCC4)nn3-c3ccccc3)nc12,c1_hetaryl_alkyl_c2_hetaryl,9.5322186586507835,21-Jan-2013,10-May-12,5seq_244,val,val,,test,test,,train
245,COc1c(C)cnc(/C=C/c2nc(-c3ccccc3)cn2C)c1C,c1_hetaryl_alkyl_c2_hetaryl,6.005415840519571139,04-Oct-2010,24-Sep-10,5sdu_245,train,train,train,test,train,train,val
246,Cc1nc2ccc(CCc3cccc(N4CCCC4)n3)nn2c1C,c1_hetaryl_alkyl_c2_hetaryl,6.1967846815979347,31-Aug-2011,19-Jul-11,5sf5_246,train,train,val,test,train,test,train
247,Cc1c(Cl)cc(C(C)(C)O)c2nc(CCc3nc(N4CCCC4)nn3C)nn12,c1_hetaryl_alkyl_c2_hetaryl,7.1172535333746905,17-Jul-2012,01-Feb-12,5sej_247,val,val,test,test,val,,train
248,CN(C(=O)c1cnn(C)c1C(=O)N[C@@H]1CCn2cc(-c3ccccc3)nc2C1)C1COC1,aryl_c1_amide_c2_hetaryl,7.3577729721891905,26-Apr-2010,04-Feb-10,5ses_248,train,test,train,train,train,train,train
249,COC[C@H]1CCCN1c1nc(CCc2nc3c(C)ncc(C)n3n2)n(C)n1,c1_hetaryl_alkyl_c2_hetaryl,7.9262513024234797,04-Feb-2013,01-OCT-12,5sfi_249,val,val,,test,test,,test
250,Cn1nnc(C(=O)N2CCC2)c1C(=O)Nc1ccn2nc(-c3ccccc3)nc2c1,aryl_c1_amide_c2_hetaryl,6.7386919193409263,23-Aug-2011,04-Feb-10,5se7_250,train,test,val,val,train,test,train
251,CCOc1ccccc1-c1cn2c(n1)C[C@H](NC(=O)c1c(C(=O)N3CCC3)cnn1C)CC2,aryl_c1_amide_c2_hetaryl,8.6581699430794896,20-Jul-2010,04-Feb-10,5ses_251,train,test,train,train,train,train,train
252,CC(C)NC(=O)c1nc(C2CC2)cnc1OCc1nc(-c2ccccc2)cn1C,c1_hetaryl_alkyl_c2_hetaryl,5.972785391114429954,16-May-2011,04-May-11,5sfa_252,train,train,train,test,train,test,val
253,Cn1ncc(C(=O)N2CCC2)c1C(=O)N[C@@H]1CCn2cc(-c3ccccc3OC(F)(F)F)nc2C1,aryl_c1_amide_c2_hetaryl,7.3563105001968998,12-Jul-2010,04-Feb-10,5ses_253,train,test,train,train,train,train,test
254,Cc1nc2ccccc2nc1CCc1ncc(-c2ccccc2)[nH]1,c1_hetaryl_alkyl_c2_hetaryl,8.0338768351749157,21-Mar-2011,24-Sep-10,5sek_254,train,train,train,test,train,test,train
255,CCOC(=O)c1cnn(C)c1C(=O)Nc1ccn2nc(-c3ccccc3)nc2c1,aryl_c1_amide_c2_hetaryl,8.1346590943754156,06-Sep-2010,04-Feb-10,5se7_255,train,test,train,train,train,train,test
256,CCn1nc(C)cc1C(=O)Nc1cc2nc(-c3ccccc3)[nH]c2cc1C(=O)NCCOC,aryl_c1_amide_c2_hetaryl,7.8422713162885496,16-Nov-2009,10-Sep-08,5sdw_256,train,test,train,train,train,train,train
257,Cn1ncc(C(=O)N2CCC2)c1C(=O)N[C@@H]1CCn2cc(-c3ccccc3OC(F)F)nc2C1,aryl_c1_amide_c2_hetaryl,8.219106891312921,04-Oct-2010,04-Feb-10,5ses_257,train,test,train,train,train,train,test
258,CCN(CC)C(=O)c1c(C)noc1C(=O)Nc1ccn2nc(-c3ccccc3)nc2c1,aryl_c1_amide_c2_hetaryl,5.5062930155639279,01-Sep-2010,04-Feb-10,5se7_258,train,test,train,train,train,train,train
259,CNC(=O)c1nc(-c2ccccc2)sc1NC(=O)c1nc(C2CC2)ccc1Nc1cncnc1,aminohetaryl_c1_amide,5.956384293727137236,14-Sep-2009,15-Jun-09,5sf4_259,test,train,train,train,train,train,test
260,Cc1[nH]c(-c2cccnc2)nc1CCN1C(=O)c2ccccc2C1=O,aryl_c1_amide_c2_hetaryl,5.81239017333363972,04-Apr-2011,07-Oct-10,5seo_260,train,test,train,val,train,test,test
261,Cn1ncc(C(=O)N2CCC2)c1C(=O)N[C@@H]1CCn2cc(-c3ccc(F)cc3)nc2C1,aryl_c1_amide_c2_hetaryl,8.3433269541151494,09-Mar-2010,04-Feb-10,5ses_261,train,test,train,train,train,train,test
262,Clc1ccc2nc(OCc3cccc(N4CCCC4)n3)nc(N3CCOCC3)c2c1,c1_hetaryl_alkyl_c2_hetaryl,8.600499338685389,14-Feb-2011,09-Feb-11,5sed_262,train,train,train,test,train,test,val
263,Cn1cc(-c2ccccc2)nc1COc1ccc2nc(C3CC3)cn2n1,c1_hetaryl_alkyl_c2_hetaryl,6.772203247345381,07-Nov-2011,11-Jul-11,5se9_263,train,train,val,test,train,test,test
264,CCOC(=O)c1cnn(C)c1C(=O)Nc1ccn2nc(-c3cccnc3F)nc2c1,aryl_c1_amide_c2_hetaryl,6.7363970668598357,18-Apr-2011,04-Feb-10,5se7_264,train,test,train,val,train,test,val
265,Cn1ncc(C(=O)N2CCC2)c1C(=O)Nc1ccn2nc(-c3ccnc(F)c3)nc2c1,aryl_c1_amide_c2_hetaryl,8.1686422145579325,02-May-2011,04-Feb-10,5se7_265,train,test,train,val,train,test,val
266,CCOc1cc(Cl)c(C)n2nc(CCc3nc(N4CCCC4)nn3C)nc12,c1_hetaryl_alkyl_c2_hetaryl,9.221848749616356,08-Jul-2013,01-Feb-12,5sej_266,val,val,,test,test,,train
267,Cn1ncc(C(=O)N2CCC2)c1C(=O)NCCc1nc(-c2ccccc2)n[nH]1,aryl_c1_amide_c2_hetaryl,8.423773862550395,02-Aug-2011,10-May-11,5se8_267,train,test,val,val,train,test,train
268,CCOC(=O)c1cnn(C)c1C(=O)Nc1ccn2nc(-c3cccnc3)nc2c1,aryl_c1_amide_c2_hetaryl,7.4646552363233427,23-May-2011,04-Feb-10,5se7_268,train,test,train,val,train,test,train
269,Cc1ncc(C)n2nc(CCc3nc(N4CCC[C@@H]4C)nn3C)nc12,c1_hetaryl_alkyl_c2_hetaryl,8.343249038950206,08-Oct-2012,01-OCT-12,5sfi_269,val,val,test,test,val,,val
270,Cc1nc2ccc(CCc3nc(-c4cnccn4)cn3C)nn2c1C,c1_hetaryl_alkyl_c2_hetaryl,7.4788488353338716,14-Jan-2013,19-Jul-11,5sf5_270,val,val,,test,test,,val
271,O=C(NCCc1noc(-c2ccccc2)n1)c1nc(C2CC2)cnc1Nc1cncnc1,aminohetaryl_c1_amide,7.3192838524290638,14-Jun-2010,27-Apr-10,5sfl_271,test,train,train,train,train,train,test
272,Cc1c(Br)cc(Cl)c2nc(CCc3nc(N4CCCC4)nn3C)nn12,c1_hetaryl_alkyl_c2_hetaryl,8.911863911299448,09-Jul-2012,01-Feb-12,5sej_272,val,val,test,test,val,,train
273,CNC(=O)c1cc(Cl)c(C)n2nc(CCc3nc(N4CCCC4)nn3C)nc12,c1_hetaryl_alkyl_c2_hetaryl,5.2102853540230691,25-Feb-2013,01-Feb-12,5sej_273,val,val,,test,test,,test
274,Cc1cnc(C)n2nc(/C=C/c3nc(N4CCCC4)nn3C3CC3)nc12,c1_hetaryl_alkyl_c2_hetaryl,7.732828271596986,06-May-2013,01-Feb-12,5sei_274,val,val,,test,test,,train
275,O=C(NCCc1noc(Cc2ccccc2)n1)c1nc(C2CC2)cnc1Nc1cncnc1,aminohetaryl_c1_amide,6.8615646648664064,14-Jun-2010,27-Apr-10,5sfl_275,test,train,train,train,train,train,test
276,CN(CCO)C(=O)c1cnn(C)c1C(=O)Nc1ccn2nc(N3CCOCC3)nc2c1,aryl_c1_amide_c2_hetaryl,7.6894766160484789,04-Apr-2011,21-Sep-10,5seh_276,train,test,train,val,train,test,val
277,Cc1c(Cl)cc(C(F)(F)F)c2nc(CCc3nc(N4CCCC4)n[nH]3)nn12,c1_hetaryl_alkyl_c2_hetaryl,9.140861702705469,25-Feb-2013,01-Feb-12,5sej_277,val,val,,test,test,,train
278,COc1ccccc1-c1cn2c(n1)C[C@H](NC(=O)c1c(C(=O)N(C)C3CC3)cnn1C)CC2,aryl_c1_amide_c2_hetaryl,7.8735114292996249,01-Sep-2010,04-Feb-10,5ses_278,train,test,train,train,train,train,test
279,CN(CC(F)(F)F)C(=O)c1cnn(C)c1C(=O)Nc1ccn2nc(N3CCOCC3)nc2c1,aryl_c1_amide_c2_hetaryl,7.0943606017327763,08-Aug-2011,21-Sep-10,5seh_279,train,test,val,val,train,test,train
280,CCOC(=O)c1cnn(C)c1C(=O)Nc1ccn2nc(-c3ccnc(F)c3)nc2c1,aryl_c1_amide_c2_hetaryl,6.10214043098652902,02-May-2011,04-Feb-10,5se7_280,train,test,train,val,train,test,val
281,Cn1ncc(C(=O)N2CCC2)c1C(=O)Nc1ccn2nc(-c3cccnc3)nc2c1,aryl_c1_amide_c2_hetaryl,8.9365953788850963,08-Nov-2010,04-Feb-10,5se7_281,train,test,train,train,train,val,train
282,Cn1cc(-c2ccccc2)nc1COc1ccc2nc3c(n2n1)CCC3,c1_hetaryl_alkyl_c2_hetaryl,7.3279298638734072,30-Jan-2012,11-Jul-11,5se9_282,train,train,test,test,train,,test
283,CN(C(=O)c1cnn(C)c1C(=O)Nc1ccn2nc(N3CCOCC3)nc2c1)C1CCCC1,aryl_c1_amide_c2_hetaryl,7.2408384978505207,08-Nov-2010,21-Sep-10,5seh_283,train,test,train,train,train,val,test
284,O=C(Nc1cc(-c2ccccc2)nn1CCO)c1nc(C2CC2)ccc1Nc1cncnc1,aminohetaryl_c1_amide,6.9148450484532005,11-Jan-2010,27-Jul-09,5se0_284,test,train,train,train,train,train,train
285,Cc1c(C#N)cc(Cl)c2nc(CCc3nc(N4CCCC4)nn3C)nn12,c1_hetaryl_alkyl_c2_hetaryl,8.6659169944536427,02-Jul-2012,01-Feb-12,5sej_285,train,val,test,test,val,,train
286,Cc1cc(NC(=O)c2ccc3cc(-c4ccccc4)nn3c2)cc(C)n1,aryl_c1_amide_c2_hetaryl,7.123741734941737,28-Sep-2009,28-Jul-09,5sfp_286,train,test,train,train,train,train,train
287,Cn1ncc(CO)c1C(=O)Nc1ccn2nc(-c3ccccc3)nc2c1,aryl_c1_amide_c2_hetaryl,7.2834900896994454,02-Aug-2010,04-Feb-10,5se7_287,train,test,train,train,train,train,test
288,CCc1nc2ccc(OCc3nc(-c4ccccc4)cn3C)nn2c1C,c1_hetaryl_alkyl_c2_hetaryl,6.5778864053031677,17-Oct-2011,11-Jul-11,5se9_288,train,train,val,test,train,test,train
289,Cn1cc(-c2ccccc2)nc1CCc1cncc(-c2ccn[nH]2)n1,c1_hetaryl_alkyl_c2_hetaryl,6.5126169607314832,04-Apr-2011,02-Feb-11,5sev_289,train,train,train,test,train,test,test
290,CNC(=O)c1c(-c2nc(CCc3nc4c(C)ncc(C)n4n3)n(C)n2)cnn1C,c1_hetaryl_alkyl_c2_hetaryl,6.47230953409185367,03-Dec-2012,01-OCT-12,5sfi_290,val,val,test,test,val,,train
291,Cc1nc2ccc(CCc3nc(-c4ncccn4)cn3C)nn2c1C,c1_hetaryl_alkyl_c2_hetaryl,8.037110012608209,12-Nov-2012,19-Jul-11,5sf5_291,val,val,test,test,val,,train
292,O=C1c2ccccc2C(=O)N1CCc1csc(-c2cccnc2)n1,aryl_c1_amide_c2_hetaryl,5.2282825441641975,04-Apr-2011,07-Oct-10,5seo_292,train,test,train,val,train,test,train
293,Cc1nc(C)n2nc(/C=C/c3nc(N4CCCC4)nn3C)nc2c1C,c1_hetaryl_alkyl_c2_hetaryl,8.038009712559935,26-Mar-2012,01-Feb-12,5sei_293,train,train,test,test,val,,test
294,Cc1ncc(C)n2nc(CCc3nc(N4CCC[C@@H]4C(F)(F)F)nn3C)nc12,c1_hetaryl_alkyl_c2_hetaryl,7.4658469258149374,17-Dec-2012,01-OCT-12,5sfi_294,val,val,test,test,val,,train
295,CCc1ccc(Nc2cncnc2)c(C(=O)Nc2cc(-c3ccccn3)nn2C)n1,aminohetaryl_c1_amide,8.702677285794697,11-Jan-2010,15-Jun-09,5sf4_295,test,train,train,train,train,train,val
296,Cn1cc(-c2cccc(CCc3nc(-c4ccccc4)cn3C)n2)cn1,c1_hetaryl_alkyl_c2_hetaryl,5.1868459105029519,20-Dec-2010,24-Sep-10,5se2_296,train,train,train,test,train,val,train
297,Cn1cc(-c2ccccc2)nc1COc1ncc(Cl)nc1C(=O)NCc1ccccc1,c1_hetaryl_alkyl_c2_hetaryl,6.869830329307472,27-Jun-2011,04-May-11,5sfa_297,train,train,val,test,train,test,val
298,Cn1cc(-c2ccccc2)nc1CCNC(=O)c1cccn2c(C(F)(F)F)nnc12,aryl_c1_amide_c2_hetaryl,7.0560753598045185,16-Apr-2012,16-May-11,5sfo_298,train,test,test,val,val,,test
299,O=C1c2ccccc2C(=O)N1CCc1cnc(-c2ccccc2)[nH]1,aryl_c1_amide_c2_hetaryl,6.29776769873228714,04-Apr-2011,07-Oct-10,5seo_299,train,test,train,val,train,test,train
300,Cc1cc(Cl)c(C)n2nc(/C=C/c3nc(N4CCCC4)nn3C)nc12,c1_hetaryl_alkyl_c2_hetaryl,9.4801720062242807,05-Mar-2012,01-Feb-12,5sei_300,train,train,test,test,train,,train
301,Cc1nc2ccc(CCc3nc(-c4cncnc4)cn3C)nn2c1C,c1_hetaryl_alkyl_c2_hetaryl,7.0067225254326355,17-Dec-2012,19-Jul-11,5sf5_301,val,val,test,test,val,,train
302,Cn1ncc(C(=O)NC2COC2)c1C(=O)N[C@@H]1CCn2cc(-c3ccccc3)nc2C1,aryl_c1_amide_c2_hetaryl,6.7404371773854094,03-May-2010,04-Feb-10,5ses_302,train,test,train,train,train,train,train
303,COCCNC(=O)c1cc2[nH]c(-c3ccccc3)nc2cc1NC(=O)c1cc(Br)c[nH]c1=O,aryl_c1_amide_c2_hetaryl,8.1444808443322,16-Nov-2009,30-Sep-09,5sex_303,train,test,train,train,train,train,train
304,COCCN(C)C(=O)c1cnn(C)c1C(=O)Nc1cc2nc(-c3ccccc3)nn2cn1,aryl_c1_amide_c2_hetaryl,9.1010516460147612,26-Nov-2012,23-Nov-11,5sfm_304,val,test,test,val,val,,train
305,Cc1c(C(F)(F)F)nc2ccc(OCc3nc(-c4ccccc4)cn3C)nn12,c1_hetaryl_alkyl_c2_hetaryl,7.4677794533273254,24-Oct-2011,11-Jul-11,5se9_305,train,train,val,test,train,test,train
306,COCCNC(=O)c1cc2[nH]c(-c3ccccc3)nc2cc1NC(=O)c1ccnnc1,aryl_c1_amide_c2_hetaryl,7.4625713159764917,16-Nov-2009,30-Sep-09,5sex_306,train,test,train,train,train,train,train
307,O=C1c2ccccc2CN1c1ccc2nc(-c3ccccc3)[nH]c2c1,aryl_c1_amide_c2_hetaryl,6.4294722373409983,12-Oct-2009,10-Sep-08,5sdw_307,train,test,train,train,train,train,val
308,Cc1cc(Cl)c(C)n2nc(/C=C/c3nc(N4CCCC4)n(C)n3)nc12,c1_hetaryl_alkyl_c2_hetaryl,9.8356471442155624,12-Mar-2012,01-Feb-12,5sei_308,train,train,test,test,,,train
309,Cc1c(Cl)nn2c(C)c(/C=C/c3nc(N4CCCC4)nn3C)nc2c1C,c1_hetaryl_alkyl_c2_hetaryl,7.3175209793714187,28-Aug-2012,01-Feb-12,5sei_309,val,val,test,test,val,,val
310,O=C(Nc1ccnc(Cl)c1)c1ccc2cc(-c3ccccc3)nn2c1,aryl_c1_amide_c2_hetaryl,7.4347544742774945,26-Aug-2009,28-Jul-09,5sfp_310,train,test,train,train,train,train,train
311,Cc1ncc(C)n2nc(/C=C/c3nc(N4CCNCC4)nn3C)nc12,c1_hetaryl_alkyl_c2_hetaryl,5.81030956953951389,26-Nov-2012,15-NOV-12,5sfy_311,val,val,test,test,val,,train
312,Cn1cc(-c2ccccc2)nc1COc1cc(N2CCOCC2)nc(-c2cccnc2)n1,c1_hetaryl_alkyl_c2_hetaryl,6.5687472363926181,09-May-2011,04-Apr-11,5se6_312,train,train,train,test,train,test,test
313,COc1cc(Cl)c(C)n2nc(CCc3nc(N4CCCC4)nn3C)nc12,c1_hetaryl_alkyl_c2_hetaryl,9.35848514510307,23-Jul-2012,01-Feb-12,5sej_313,val,val,test,test,val,,val
314,COc1cc(OCc2nc(-c3ccccc3)cn2C)nn2c(C)c(C(F)(F)F)nc12,c1_hetaryl_alkyl_c2_hetaryl,7.9265749432540185,09-Jan-2012,11-Jul-11,5se9_314,train,train,test,test,train,,train
315,CCN(C)C(=O)c1cnn(C)c1C(=O)Nc1ccn2nc(N3CCOCC3)nc2c1,aryl_c1_amide_c2_hetaryl,8.246775699816703,08-Nov-2010,21-Sep-10,5seh_315,train,test,train,train,train,val,val
316,Cn1ncc(C(=O)N2CCC2)c1C(=O)Nc1ccc2nc(-c3cccnc3)nn2c1,aryl_c1_amide_c2_hetaryl,7.3609719532130584,25-Jul-2011,04-Feb-10,5se7_316,train,test,val,val,train,test,train
317,CN(C)C(=O)c1cnn(C)c1C(=O)N[C@@H]1CCn2cc(-c3ccccc3OC(F)F)nc2C1,aryl_c1_amide_c2_hetaryl,7.7288556820509215,04-Oct-2010,04-Feb-10,5ses_317,train,test,train,train,train,train,train
318,Cc1c(Cl)cc(C#N)c2nc(CCc3nc(N4CCCC4)nn3C)nn12,c1_hetaryl_alkyl_c2_hetaryl,8.653647025549361,17-Jul-2012,01-Feb-12,5sej_318,val,val,test,test,val,,val
319,CN(C)C(=O)c1cnn(C)c1C(=O)Nc1ccn2cc(-c3cccc(Br)c3)nc2n1,aryl_c1_amide_c2_hetaryl,7.396498374909862,23-May-2011,12-Apr-11,5sfe_319,train,test,train,val,train,test,train
320,Cn1nc(N2CCCC2)nc1CCc1nc2cc(C(F)(F)F)ccn2n1,c1_hetaryl_alkyl_c2_hetaryl,6.48019037556365557,25-Jun-2012,04-Jun-12,5seu_320,train,val,test,test,val,,train
321,Cn1ncc(C(=O)N2CCC2)c1C(=O)Nc1ccn2nc(-c3ccncc3)nc2c1,aryl_c1_amide_c2_hetaryl,8.7389751660076023,22-Nov-2010,04-Feb-10,5se7_321,train,test,train,train,train,val,train
322,Cc1c(Cl)cc(S(C)(=O)=O)c2nc(CCc3nc(N4CCCC4)nn3C)nn12,c1_hetaryl_alkyl_c2_hetaryl,7.0608453083643292,02-Jul-2012,01-Feb-12,5sej_322,train,val,test,test,val,,train
323,COCCOc1ccc(NC(=O)c2nc(C3CC3)cnc2Nc2cncnc2)c(C(=O)NCC(C)(C)O)c1,aminohetaryl_c1_amide,9.130947195090977,21-Jun-2010,27-Apr-10,5sfl_323,test,train,train,train,train,train,train
324,Cc1ccc(C)c(C(=O)Nc2ccc3cc(-c4ccccc4)nn3c2)n1,aryl_c1_amide_c2_hetaryl,7.2762488783644608,21-Sep-2009,28-Jul-09,5sfp_324,train,test,train,train,train,train,train
325,COC(=O)c1cc(Cl)c(C)n2nc(CCc3nc(N4CCCC4)nn3C)nc12,c1_hetaryl_alkyl_c2_hetaryl,6.36362144327200885,25-Feb-2013,01-Feb-12,5sej_325,val,val,,test,test,,train
326,CN(C)c1nc(CCc2nccn2-c2ccccc2)nc2ccccc12,c1_hetaryl_alkyl_c2_hetaryl,6.23135893934521548,09-May-2011,12-Apr-11,5sec_326,train,train,train,test,train,test,train
327,O=C(Nc1ccn2nc(-c3ccccc3)nc2c1)c1cc(Cl)nc(Cl)c1,aryl_c1_amide_c2_hetaryl,7.4176638675941973,09-May-2011,09-Feb-11,5se3_327,train,test,train,val,train,test,train
328,Cc1cccc(CCc2nc(-c3ccccc3)cn2C)n1,c1_hetaryl_alkyl_c2_hetaryl,5.0327179233381436,28-Sep-2010,24-Sep-10,5se2_328,train,train,train,test,train,train,test
329,CCOC(=O)CCc1ccc(NC(=O)c2nc(C3CC3)cnc2Nc2cncnc2)c(C(=O)NC)c1,aminohetaryl_c1_amide,9.231361898752385,18-Oct-2010,27-Apr-10,5se5_329,test,train,train,train,train,train,val
330,COc1ccccc1-c1cn2c(n1)C[C@H](NC(=O)c1c(C(=O)N3CCC3)cnn1C)CC2,aryl_c1_amide_c2_hetaryl,8.4252744164059266,17-May-2010,04-Feb-10,5ses_330,train,test,train,train,train,train,train
331,CCc1cnc(C)cc1NC(=O)c1ccc2cc(-c3ccccc3)nn2c1,aryl_c1_amide_c2_hetaryl,7.074889112877815,28-Sep-2009,28-Jul-09,5sfp_331,train,test,train,train,train,train,test
332,COc1cccc(-c2noc(CCN3C(=O)c4ccccc4C3=O)n2)c1,aryl_c1_amide_c2_hetaryl,5.0,11-Apr-2011,07-Oct-10,5seo_332,train,test,train,val,train,test,test
333,CN(CCF)c1nc2cc(NC(=O)c3c(C(=O)N4CC(F)C4)cnn3C)ccn2n1,aryl_c1_amide_c2_hetaryl,8.2472603060646716,30-May-2011,21-Sep-10,5seh_333,train,test,val,val,train,test,test
334,Cc1nc2ccc(CCc3nc(-c4ccnnc4)cn3C)nn2c1C,c1_hetaryl_alkyl_c2_hetaryl,7.090663312761874,14-Jan-2013,19-Jul-11,5sf5_334,val,val,,test,test,,train
335,COC(=O)CN(C)C(=O)c1cnn(C)c1C(=O)Nc1ccn2nc(N3CCOCC3)nc2c1,aryl_c1_amide_c2_hetaryl,7.2973454805187543,04-Apr-2011,21-Sep-10,5seh_335,train,test,train,val,train,test,val
336,Cc1ncc(Nc2cncnc2)c(C(=O)N[C@@H]2CCN(c3ccc(Cl)cn3)C2)n1,aminohetaryl_c1_amide,6.6152793026286308,11-Jan-2010,14-Oct-09,5sfg_336,test,train,train,train,train,train,train
337,Cn1ncc(C(=O)N2CC(F)C2)c1C(=O)Nc1ccn2nc(-c3cccnc3)nc2c1,aryl_c1_amide_c2_hetaryl,8.9353756960576165,08-Nov-2010,04-Feb-10,5se7_337,train,test,train,train,train,val,train
338,Cc1c(Cl)cc(Br)c2nc(CCc3nc(N4CCCC4)nn3C)nn12,c1_hetaryl_alkyl_c2_hetaryl,8.9939620450026827,09-Jul-2012,01-Feb-12,5sej_338,val,val,test,test,val,,val
339,Cc1cc(CNC(=O)c2cnn(C)c2C(=O)Nc2ccn3cc(-c4ccccc4)nc3n2)on1,aryl_c1_amide_c2_hetaryl,7.586800856334359,02-Aug-2010,03-May-10,5sfj_339,train,test,train,train,train,train,test
340,CN(C)C(=O)c1cnn(C)c1C(=O)Nc1ccn2nc(N3CCOCC3)nc2c1,aryl_c1_amide_c2_hetaryl,8.146423456380358,08-Nov-2010,21-Sep-10,5seh_340,train,test,train,train,train,val,train
341,Cc1c(NC(=O)c2c(C(=O)N3CCC3)cnn2C)ccn2nc(-c3ccccc3)nc12,aryl_c1_amide_c2_hetaryl,7.788212237099108,14-Jun-2010,04-Feb-10,5se7_341,train,test,train,train,train,train,test
342,Cn1nc(N2CCCC2)nc1CCc1nc2c(C#N)cccn2n1,c1_hetaryl_alkyl_c2_hetaryl,6.3299444244336941,25-Jun-2012,04-Jun-12,5seu_342,train,val,test,test,val,,test
343,Cn1ncc(C(=O)N2CCC2)c1C(=O)Nc1ccn2nc(N3CCCC3)nc2c1,aryl_c1_amide_c2_hetaryl,8.5005878743277243,14-Dec-2010,21-Sep-10,5seh_343,train,test,train,train,train,val,train
344,Cc1c(C#N)nc2ccc(OCc3nc(-c4ccccc4)cn3C)nn12,c1_hetaryl_alkyl_c2_hetaryl,7.624537579552828,05-Dec-2011,11-Jul-11,5se9_344,train,train,val,test,train,test,test
345,Cc1c(Cl)cc(O)c2nc(CCc3nc(N4CCCC4)nn3C)nn12,c1_hetaryl_alkyl_c2_hetaryl,8.3744817710283623,13-Aug-2012,01-Feb-12,5sej_345,val,val,test,test,val,,train
346,Cn1ncc(C(=O)N2CCOCC2)c1C(=O)N[C@@H]1CCn2cc(-c3ccc(F)cc3)nc2C1,aryl_c1_amide_c2_hetaryl,5.3629207426018187,20-Mar-2014,04-Feb-10,5ses_346,val,test,,val,,,val
347,CN(CCF)c1nc2cc(NC(=O)c3c(C(=O)N4CCCC4)cnn3C)ccn2n1,aryl_c1_amide_c2_hetaryl,8.640354207325457,30-May-2011,21-Sep-10,5seh_347,train,test,val,val,train,test,test
348,COC1CN(C(=O)c2cnn(C)c2C(=O)Nc2ccn3nc(N4CCOCC4)nc3c2)C1,aryl_c1_amide_c2_hetaryl,6.8891814195932376,08-Nov-2010,21-Sep-10,5seh_348,train,test,train,train,train,val,train
349,COCCNC(=O)c1cc2[nH]c(-c3ccccc3)nc2cc1NC(=O)c1cc(C2CC2)cnc1OC,aryl_c1_amide_c2_hetaryl,9.1837587000082164,09-Nov-2009,30-Sep-09,5sex_349,train,test,train,train,train,train,train
350,Cc1cc(C)n2nc(/C=C/c3nc(N4CCCC4)nn3C3CC3)nc2n1,c1_hetaryl_alkyl_c2_hetaryl,7.684029654543082,01-Jul-2013,01-Feb-12,5sei_350,val,val,,test,test,,train
351,COc1ccccc1-c1cn2c(n1)C[C@H](NC(=O)c1c(C(=O)N(C)CCF)cnn1C)CC2,aryl_c1_amide_c2_hetaryl,6.7617430767396974,01-Sep-2010,04-Feb-10,5ses_351,train,test,train,train,train,train,test
352,CN(C)c1nc(OCc2cccc(N3CCCC3)n2)nc2ccc(Cl)cc12,c1_hetaryl_alkyl_c2_hetaryl,8.1129726592291735,21-Mar-2011,09-Feb-11,5sed_352,train,train,train,test,train,test,train
353,CCOC(=O)c1cnn(C)c1C(=O)Nc1ccn2nc(N3CCCC3)nc2c1,aryl_c1_amide_c2_hetaryl,7.6724163125188207,14-Dec-2010,21-Sep-10,5seh_353,train,test,train,train,train,val,train
354,O=C(Nc1cc2nc(-c3ccccc3)cn2cc1Br)c1nc(C2CC2)ccc1Nc1cncnc1,aminohetaryl_c1_amide,8.9381706927053006,21-Sep-2009,02-Dec-08,5see_354,test,train,train,train,train,train,test
355,CN(CCF)c1nc2cc(NC(=O)c3c(C(=O)N4CCC4)cnn3C)ccn2n1,aryl_c1_amide_c2_hetaryl,8.2479515521805613,30-May-2011,21-Sep-10,5seh_355,train,test,val,val,train,test,train
356,COc1ccccc1-c1nc2cc(NC(=O)c3c(C(=O)O)cnn3C)ccn2n1,aryl_c1_amide_c2_hetaryl,8.011307297450183,18-Jul-2011,04-Feb-10,5se7_356,train,test,val,val,train,test,train
357,Cc1c(Cl)cc(Cl)c2nc(CCc3nc(N4CCCC4)nn3C)nn12,c1_hetaryl_alkyl_c2_hetaryl,9.261212080597097,21-May-2012,01-Feb-12,5sej_357,train,train,test,test,val,,train
358,CNC(=O)c1cc2[nH]c(-c3ccccc3)nc2cc1NC(=O)c1c(Cl)c(C)nn1C,aryl_c1_amide_c2_hetaryl,7.6625407387093436,28-Sep-2009,10-Sep-08,5sdw_358,train,test,train,train,train,train,val
359,Cc1cc(Cl)c(C)n2nc(CCc3nc(N4CCCC4)nn3C)nc12,c1_hetaryl_alkyl_c2_hetaryl,9.554395796726402,05-Mar-2012,01-Feb-12,5sej_359,train,train,test,test,train,,train
360,CN(c1cncnc1)c1ccc(C2CC2)nc1C(=O)Nc1cc(-c2ccccn2)nn1C,aminohetaryl_c1_amide,5.2519552362471861,07-Apr-2010,06-Mar-09,5set_360,test,train,train,train,train,train,test
361,Cn1cc(-c2ccccc2)nc1CCc1ncoc1-c1ccccc1,c1_hetaryl_alkyl_c2_hetaryl,5.9992727317290437899,28-Sep-2010,24-Sep-10,5sdu_361,train,train,train,test,train,train,train
362,COc1ccccc1-c1nc2n(c1Cl)CC[C@@H](NC(=O)c1c(C(=O)N3CCC3)cnn1C)C2,aryl_c1_amide_c2_hetaryl,6.7239970889497769,07-Jun-2010,04-Feb-10,5ses_362,train,test,train,train,train,train,train
363,Cn1cc(-c2ccccc2)nc1CCNC(=O)c1c(C(=O)N2CCC2)nc(C(F)(F)F)n1C,aryl_c1_amide_c2_hetaryl,7.244750368676017,21-Nov-2011,16-May-11,5sfo_363,train,test,val,val,train,test,train
364,Cc1c(Br)cn2nc(/C=C/c3nc(N4CCCC4)n(C)n3)nc2c1C,c1_hetaryl_alkyl_c2_hetaryl,7.1360053955961584,12-Mar-2012,01-Feb-12,5sei_364,train,train,test,test,train,,val
365,COc1cc(NC(=O)c2ccc3cc(-c4ccccc4)nn3c2)ccn1,aryl_c1_amide_c2_hetaryl,6.8408450407450192,21-Sep-2009,28-Jul-09,5sfp_365,train,test,train,train,train,train,test
366,Cn1cc(-c2ccccc2)nc1COc1nc2ccccc2c(=O)[nH]1,c1_hetaryl_alkyl_c2_hetaryl,7.0482594642087864,04-Apr-2011,09-Feb-11,5sed_366,train,train,train,test,train,test,val
367,O=C(Nc1ccncc1C(F)(F)F)c1ccc2cc(-c3ccccc3)nn2c1,aryl_c1_amide_c2_hetaryl,5.971594220883209507,10-Aug-2009,28-Jul-09,5sfp_367,train,test,train,train,train,train,train
368,CCN(CC)c1nc2ccc(NC(=O)c3c(C(=O)N4CCC4)cnn3C)cn2n1,aryl_c1_amide_c2_hetaryl,8.4835968515525964,27-Feb-2012,21-Sep-10,5seh_368,train,test,test,val,train,,train
369,CCn1nc(C)cc1C(=O)Nc1cc2nc(-c3ccccc3)[nH]c2cc1C(=O)NC,aryl_c1_amide_c2_hetaryl,7.6550382112103175,21-Sep-2009,10-Sep-08,5sdw_369,train,test,train,train,train,train,train
370,c1cc(CCc2nc(N3CCOCC3)c3ccccc3n2)nc(N2CCCC2)c1,c1_hetaryl_alkyl_c2_hetaryl,7.3370062028239476,04-Apr-2011,09-Feb-11,5sed_370,train,train,train,test,train,test,train
371,Cn1ncc(Br)c1C(=O)Nc1ccn2nc(-c3ccccc3)nc2c1,aryl_c1_amide_c2_hetaryl,7.4530133986858218,29-Nov-2010,04-Feb-10,5se7_371,train,test,train,train,train,val,val
372,Cn1ncc(C(=O)N2CC(F)C2)c1C(=O)Nc1ccn2nc(N3CCOCC3)nc2c1,aryl_c1_amide_c2_hetaryl,8.3022534485006014,01-Nov-2010,21-Sep-10,5seh_372,train,test,train,train,train,val,train
373,Cn1ncc(C(=O)NC2CC2)c1C(=O)Nc1ccn2nc(N3CCOCC3)nc2c1,aryl_c1_amide_c2_hetaryl,7.7183531421324854,27-Jun-2011,21-Sep-10,5seh_373,train,test,val,val,train,test,val
374,Cc1cc(Cl)c(C)n2nc(CCc3nc(N4CCCC4)n(C)n3)nc12,c1_hetaryl_alkyl_c2_hetaryl,9.326058001365912,19-Mar-2012,01-Feb-12,5sej_374,train,train,test,test,val,,test
375,Cc1ccc2nc(/C=C/c3nc(N4CCCC4)nn3C)nn2c1C,c1_hetaryl_alkyl_c2_hetaryl,8.0591847913491987,02-Apr-2012,01-Feb-12,5sei_375,train,train,test,test,val,,val
376,COC[C@H]1CCCN1c1n[nH]c(CCc2nc3c(C)ncc(C)n3n2)n1,c1_hetaryl_alkyl_c2_hetaryl,8.0757207139381184,06-May-2013,01-OCT-12,5sfi_376,val,val,,test,test,,train
377,Cn1ncc(C(=O)O)c1C(=O)Nc1ccc2cc(-c3ccccc3)nn2c1,aryl_c1_amide_c2_hetaryl,7.7201050199883616,26-Aug-2009,28-Jul-09,5sfp_377,train,test,train,train,train,train,train
378,COC(=O)c1cnn(C)c1C(=O)Nc1ccn2nc(-c3ccccc3)nc2c1,aryl_c1_amide_c2_hetaryl,7.8349635200054346,01-Mar-2010,04-Feb-10,5se7_378,train,test,train,train,train,train,train
379,COc1ccccc1-c1cn2c(n1)C[C@H](NC(=O)c1c(C(=O)N3CC(F)C3)cnn1C)CC2,aryl_c1_amide_c2_hetaryl,8.355266072552807,01-Sep-2010,04-Feb-10,5ses_379,train,test,train,train,train,train,train
380,Cn1ncc(C(=O)O)c1C(=O)Nc1ccn2nc(-c3cccc(F)c3)nc2c1,aryl_c1_amide_c2_hetaryl,7.6114086837994677,11-Apr-2011,04-Feb-10,5se7_380,train,test,train,val,train,test,train
381,O=C(O)c1cccnc1C(=O)Nc1ccn2nc(-c3ccccc3)nc2c1,aryl_c1_amide_c2_hetaryl,6.1927166921363633,22-Nov-2010,04-Feb-10,5se7_381,train,test,train,train,train,val,train
382,Cc1nc(C)n2nc(/C=C/c3nc(N4CCCC4)nn3C)nc2c1Cl,c1_hetaryl_alkyl_c2_hetaryl,7.614626127183768,19-Mar-2012,01-Feb-12,5sei_382,train,train,test,test,val,,val
383,O=C(NCCc1ccc(C(F)(F)F)cc1)c1nc(C2CC2)cnc1Nc1cncnc1,aminohetaryl_c1_amide,6.6004474133940652,17-May-2010,27-Apr-10,5sfl_383,test,train,train,train,train,train,test
384,Cc1cc(NC(=O)c2ccc3cc(-c4ccccc4)nn3c2)ccn1,aryl_c1_amide_c2_hetaryl,7.4526191678797624,21-Sep-2009,28-Jul-09,5sfp_384,train,test,train,train,train,train,val
385,O=C(Nc1ccn2nc(-c3ccccc3)nc2c1)c1cncc(Cl)c1,aryl_c1_amide_c2_hetaryl,7.148472594399748,30-May-2011,23-May-11,5sez_385,train,test,val,val,train,test,train
386,COCc1ccc(Nc2cncnc2)c(C(=O)Nc2ccnn2-c2ccccn2)n1,aminohetaryl_c1_amide,8.8341623753098713,21-Sep-2009,02-Dec-08,5see_386,test,train,train,train,train,train,train
387,Cc1ncc(C)n2nc(CCc3nc(N4CCCC4)n(CC4CC4)n3)nc12,c1_hetaryl_alkyl_c2_hetaryl,8.1743142919782414,14-Jan-2013,10-Feb-12,5sft_387,val,val,,test,test,,train
388,COC[C@H]1CCCN1c1nc(/C=C/c2nc3c(C)ncc(C)n3n2)n(C)n1,c1_hetaryl_alkyl_c2_hetaryl,8.25743151796349,04-Feb-2013,15-NOV-12,5sfy_388,val,val,,test,test,,train
389,Cc1c(C(F)(F)F)nc2ccc(C#Cc3nc(N4CCCC4)n(C)n3)nn12,c1_hetaryl_alkyl_c2_hetaryl,8.4069355683412823,21-Feb-2012,14-Dec-11,5sf1_389,train,train,test,test,train,,val
390,COCc1cc(C(=O)Nc2ccn3nc(-c4ccccc4)nc3c2)n(C)n1,aryl_c1_amide_c2_hetaryl,7.0621161710039586,07-Nov-2011,04-Feb-10,5se7_390,train,test,val,val,train,test,val
391,CNC(=O)c1cc2[nH]c(-c3ccccc3)nc2cc1NC(=O)c1cc(C)n(C)n1,aryl_c1_amide_c2_hetaryl,6.7052825289076622,28-Sep-2009,10-Sep-08,5sdw_391,train,test,train,train,train,train,train
392,Cc1ncc(C)n2nc(CCc3nc(N4CC[C@@H](C)[C@H]4C)nn3C)nc12.Cc1ncc(C)n2nc(CCc3nc(N4CC[C@H](C)[C@H]4C)nn3C)nc12,c1_hetaryl_alkyl_c2_hetaryl,7.3645162531850878,03-Jun-2013,01-OCT-12,5sfi_392,val,val,,test,test,,train
393,Cc1c(Cl)ccc2nc(/C=C/c3nc(N4CCCC4)n(C)n3)nn12,c1_hetaryl_alkyl_c2_hetaryl,8.3395139842150323,21-Feb-2012,01-Feb-12,5sei_393,train,train,test,test,train,,train
394,Cn1ncc(C(=O)O)c1C(=O)Nc1ccn2nc(-c3ccnc(F)c3)nc2c1,aryl_c1_amide_c2_hetaryl,6.24368497761900093,02-May-2011,04-Feb-10,5se7_394,train,test,train,val,train,test,val
395,Cc1[nH]c(-c2ccncc2)nc1CCN1C(=O)c2ccccc2C1=O,aryl_c1_amide_c2_hetaryl,4.760424737591141,04-Apr-2011,07-Oct-10,5seo_395,train,test,train,val,train,test,test
396,Cc1nn(C)c2nc(OCc3nc(-c4ccccc4)cn3C)ncc12,c1_hetaryl_alkyl_c2_hetaryl,6.9681473686043709,18-Jul-2011,09-Feb-11,5sed_396,train,train,val,test,train,test,val
397,Cn1ncc(C(=O)N2CCC2)c1C(=O)Nc1ccc2sc(N3CCOCC3)nc2c1,aryl_c1_amide_c2_hetaryl,8.7314220281171564,23-Feb-2010,04-Feb-10,5sfx_397,train,test,train,train,train,train,train
398,O=C(Nc1cnc(-c2ccccn2)s1)c1nc(C2CC2)ccc1Nc1cncnc1,aminohetaryl_c1_amide,8.6462760624110504,26-Oct-2009,15-Jun-09,5sf4_398,test,train,train,train,train,train,train
399,O=C(Nc1cc(Cl)ncc1Br)c1ccc2cc(-c3ccccc3)nn2c1,aryl_c1_amide_c2_hetaryl,6.4506325250277083,14-Sep-2009,28-Jul-09,5sfp_399,train,test,train,train,train,train,val
400,Cc1ncc(C)n2nc(CCc3ncn(-c4ccccc4)n3)nc12,c1_hetaryl_alkyl_c2_hetaryl,7.0846846044870002,11-Mar-2013,10-Feb-12,5sft_400,val,val,,test,test,,test
401,Cn1ncc(C(N)=O)c1C(=O)Nc1ccn2nc(-c3ccccc3)nc2c1,aryl_c1_amide_c2_hetaryl,7.8102570997584302,05-Oct-2011,04-Feb-10,5se7_401,train,test,val,val,train,test,val
402,Cn1ncc(C(=O)N2CCCC2)c1C(=O)Nc1ccn2nc(N3CCOCC3)nc2c1,aryl_c1_amide_c2_hetaryl,8.488498792673435,01-Nov-2010,21-Sep-10,5seh_402,train,test,train,train,train,val,val
403,Cn1cc(-c2ccccc2)nc1COc1nc2ccccc2nc1N1CCCC1,c1_hetaryl_alkyl_c2_hetaryl,8.1128329791052254,10-Jan-2011,20-Dec-10,5sf9_403,train,train,train,test,train,test,train
404,CN(C)C(=O)c1cc(NC(=O)c2nc(C3CC3)ccc2Nc2cncnc2)n(C)n1,aminohetaryl_c1_amide,6.3516985495264142,06-Aug-2009,15-Jun-09,5sf4_404,test,train,train,train,train,train,val
405,Cl.Cn1ncc(C(=O)O)c1C(=O)Nc1ccn2nc(-c3ccccc3)nc2c1.[Li+],aryl_c1_amide_c2_hetaryl,7.603573971981897,01-Mar-2010,04-Feb-10,5se7_405,train,test,train,train,train,train,train
406,Cc1c(Br)cn2nc(/C=C/c3nc(N4CCCC4)nn3C)nc2c1C,c1_hetaryl_alkyl_c2_hetaryl,7.9284861949049106,05-Mar-2012,01-Feb-12,5sei_406,train,train,test,test,train,,train
407,Cn1nc(N2CCCC2)nc1CCc1nc2c(F)cc(F)cn2n1,c1_hetaryl_alkyl_c2_hetaryl,6.2017251231110775,17-Jul-2012,04-Jun-12,5seu_407,val,val,test,test,val,,train
408,Cn1ncc(C(=O)N2CCC2)c1C(=O)N[C@@H]1CCn2cc(-c3ccccc3Cl)nc2C1,aryl_c1_amide_c2_hetaryl,8.654173214931504,10-May-2010,04-Feb-10,5ses_408,train,test,train,train,train,train,train
409,CN(C)C(=O)c1nn(C)cc1C(=O)Nc1ccn2cc(-c3ccccc3)nc2n1,aryl_c1_amide_c2_hetaryl,7.198767846169708,26-Jul-2010,28-Apr-10,5sfc_409,train,test,train,train,train,train,val
410,Cn1ncc(S(C)(=O)=O)c1C(=O)Nc1ccc2cc(-c3ccccc3)nn2c1,aryl_c1_amide_c2_hetaryl,6.7455389355099908,26-Aug-2009,28-Jul-09,5sfp_410,train,test,train,train,train,train,test
411,COc1nc(OCc2nc(-c3ccccc3)cn2C)nc2ccccc12,c1_hetaryl_alkyl_c2_hetaryl,7.2131563355552388,04-Apr-2011,09-Feb-11,5sed_411,train,train,train,test,train,test,train
412,Cn1ncc(C(=O)N2CCC2)c1C(=O)Nc1ccc2nc(N3CCOCC3)nn2c1,aryl_c1_amide_c2_hetaryl,7.7892910784421998,02-May-2011,21-Sep-10,5seh_412,train,test,train,val,train,test,train
413,Cc1nc2ccccc2nc1CCc1cccc(N2CCCC2)n1,c1_hetaryl_alkyl_c2_hetaryl,6.9093469928210182,07-Feb-2011,24-Sep-10,5sek_413,train,train,train,test,train,test,train
414,O=C(Nc1ccnc(Cl)c1)c1cn(-c2ccc3ccccc3n2)cn1,aryl_c1_amide_c2_hetaryl,6.5194334951289652,19-Aug-2009,05-Jun-09,5sen_414,train,test,train,train,train,train,val
415,Cn1ncc(C(=O)N2CCOCC2)c1C(=O)Nc1ccc2nc(N3CCCC3)nn2c1,aryl_c1_amide_c2_hetaryl,8.610696959816575,06-Feb-2012,23-Nov-11,5sfm_415,train,test,test,val,train,,test
416,Cn1cc(S(C)(=O)=O)c(C(=O)Nc2ccc3cc(-c4ccccc4)nn3c2)n1,aryl_c1_amide_c2_hetaryl,7.053464224846894,07-Sep-2009,28-Jul-09,5sfp_416,train,test,train,train,train,train,val
417,CN(CCF)c1nc2cc(NC(=O)c3c(C(=O)N4CCOCC4)cnn3C)ccn2n1,aryl_c1_amide_c2_hetaryl,8.2066287510810443,30-May-2011,21-Sep-10,5seh_417,train,test,train,val,train,test,train
418,CN(c1nc2cc(NC(=O)c3c(C(=O)N4CCOCC4)cnn3C)ccn2n1)C1CC1,aryl_c1_amide_c2_hetaryl,8.5814569394479205,05-Sep-2011,21-Sep-10,5seh_418,train,test,val,val,train,test,train
419,O=C(Nc1cc(Cl)ncn1)c1ccc2cc(-c3ccccc3)nn2c1,aryl_c1_amide_c2_hetaryl,6.6023102170214585,26-Aug-2009,28-Jul-09,5sfp_419,train,test,train,train,train,train,test
420,O=C(Nc1ccn2nc(-c3ccccc3)nc2c1)c1onc2ccccc12,aryl_c1_amide_c2_hetaryl,6.7116613306048364,10-Jan-2011,04-Feb-10,5se7_420,train,test,train,train,train,test,train
421,CN(C)C(=O)c1cnn(C)c1C(=O)Nc1ccn2nc(-c3ccnc(S(C)(=O)=O)c3)nc2c1,aryl_c1_amide_c2_hetaryl,8.0551720036567835,29-May-2012,08-May-12,5ser_421,train,test,test,val,val,,test
422,Cn1ncc(C(=O)N2CCC2)c1C(=O)Nc1cc2nc(N3CCOCC3)nn2cn1,aryl_c1_amide_c2_hetaryl,8.3159629625134803,05-Dec-2011,23-Nov-11,5sfm_422,train,test,val,val,train,test,train
423,O=C(Nc1ccc2[nH]c(-c3ccccc3)nc2c1)c1nc(C2CC2)ccc1Nc1cncnc1,aminohetaryl_c1_amide,9.6225889344957722,01-Mar-2010,06-Mar-09,5sf2_423,test,train,train,train,train,train,train
424,CCc1nc(C)c(C(=O)Nc2cc3nc(-c4ccccc4)[nH]c3cc2C(=O)O)o1,aryl_c1_amide_c2_hetaryl,5.8733362019533689,19-Oct-2009,30-Sep-09,5sex_424,train,test,train,train,train,train,test
425,Cn1ncc(C(=O)N2CC3(COC3)C2)c1C(=O)Nc1ccn2nc(N3CCOCC3)nc2c1,aryl_c1_amide_c2_hetaryl,7.2422320949841428,09-May-2011,21-Sep-10,5seh_425,train,test,train,val,train,test,train
426,Cn1ncc(C(=O)N2CCOCC2)c1C(=O)Nc1cc2nc(N3CCCC3)nn2cn1,aryl_c1_amide_c2_hetaryl,8.301377709494807,26-Aug-2013,23-Nov-11,5sfm_426,val,test,,val,test,,val
427,Cc1nc2ccc(C#Cc3nc(N4CCCC4)nn3C)nn2c1Cl,c1_hetaryl_alkyl_c2_hetaryl,8.6027554189896134,21-Jan-2013,26-Mar-12,5sff_427,val,val,,test,test,,train
428,CC(C)OC(=O)c1c(C(=O)Nc2ccn3nc(-c4ccccc4)nc3c2)cnn1C,aryl_c1_amide_c2_hetaryl,7.8273095182441517,24-Aug-2010,04-Feb-10,5se7_428,train,test,train,train,train,train,test
429,Cn1nc(N2CCCC2)nc1/C=C/c1nc(N2CCCC2)n(C)n1,c1_hetaryl_alkyl_c2_hetaryl,6.3672886844163737,18-Jun-2012,01-Feb-12,5sei_429,train,train,test,test,val,,train
430,CNC(=O)c1cc2[nH]c(-c3ccccc3)nc2cc1NC(=O)c1cc(C)n[nH]1,aryl_c1_amide_c2_hetaryl,6.44861832338677315,28-Sep-2009,10-Sep-08,5sdw_430,train,test,train,train,train,train,val
431,CCN(CC)c1nc2ccc(NC(=O)c3c(C(=O)N4CCOCC4)cnn3C)cn2n1,aryl_c1_amide_c2_hetaryl,7.660826914366076,16-Jan-2012,23-Nov-11,5sfm_431,train,test,test,val,train,,train
432,Cc1nc(C(F)(F)F)n2nc(CCc3nc(N4CCCC4)nn3C)nc2c1C,c1_hetaryl_alkyl_c2_hetaryl,8.122569226324157,29-Oct-2012,10-May-12,5sef_432,val,val,test,test,val,,train
433,Cn1ncc(Cl)c1C(=O)Nc1ccn2nc(-c3ccccc3)nc2c1,aryl_c1_amide_c2_hetaryl,6.681859417600723,17-Aug-2010,04-Feb-10,5se7_433,train,test,train,train,train,train,train
434,Cc1c(Cl)cc(C(F)(F)F)c2nc(CCc3nc(N4CCC(F)(F)C4)nn3C)nn12,c1_hetaryl_alkyl_c2_hetaryl,8.00952794647438,03-Sep-2012,01-Feb-12,5sej_434,val,val,test,test,val,,train
435,O=C(Nc1ccnn1-c1ccccn1)c1nc(C2CC2)ccc1Nc1cncnc1,aminohetaryl_c1_amide,8.464579281943826,19-Oct-2009,02-Dec-08,5see_435,test,train,train,train,train,train,test
436,Cc1cnc(C)n2nc(CCc3nc(N4CCCC4)nn3C3CC3)nc12,c1_hetaryl_alkyl_c2_hetaryl,7.7520267336381934,06-May-2013,18-Jun-12,5sfw_436,val,val,,test,test,,train
437,O=C(Nc1ccn2nc(-c3ccccc3)nc2c1)c1conc1C(=O)NC1CC1,aryl_c1_amide_c2_hetaryl,6.8235932682286787,24-Jan-2011,04-Feb-10,5se7_437,train,test,train,train,train,test,train
438,Cn1ncc(C(=O)N2CCC2)c1C(=O)Nc1cc(-c2ccccc2Cl)nn1C1CCCC1,aryl_c1_amide_c2_hetaryl,6.05573996082638126,25-Oct-2010,31-Mar-09,5sel_438,train,test,train,train,train,val,train
439,CNC(=O)c1cc2[nH]c(-c3ccccc3)nc2cc1NC(=O)c1c(C(=O)N2CCC2)cnn1C,aryl_c1_amide_c2_hetaryl,7.1593921209907097,06-Aug-2009,10-Sep-08,5sdw_439,train,test,train,train,train,train,val
440,Cc1ncc(C)n2nc(/C=C/c3nc(-c4cccn4C)nn3C)nc12,c1_hetaryl_alkyl_c2_hetaryl,7.9344576294808613,19-Feb-2013,15-NOV-12,5sfy_440,val,val,,test,test,,train
441,Cn1ncc(C(=O)N2CC3(COC3)C2)c1C(=O)Nc1ccn2nc(N3CCCC3)nc2c1,aryl_c1_amide_c2_hetaryl,8.2070482917498677,18-Jul-2011,21-Sep-10,5seh_441,train,test,val,val,train,test,test
442,CN(C)C(=O)c1cnn(C)c1C(=O)Nc1cc2nc(-c3ccccc3)nn2cn1,aryl_c1_amide_c2_hetaryl,9.0913363326201573,25-Sep-2012,23-Nov-11,5sfm_442,val,test,test,val,val,,train
443,Cc1cnc(C)n2nc(/C=C/c3nc(N4CCCC4)n(C)n3)nc12,c1_hetaryl_alkyl_c2_hetaryl,7.6912222263352785,08-Apr-2013,01-Feb-12,5sei_443,val,val,,test,test,,train
444,CCN(C)c1nc2cc(NC(=O)c3c(C(=O)N4CCC4)cnn3C)ccn2n1,aryl_c1_amide_c2_hetaryl,8.153230046462781,20-Dec-2010,21-Sep-10,5seh_444,train,test,train,train,train,val,val
445,Cc1cn2nc(OCc3nc(-c4ccccc4)cn3C)ccc2n1,c1_hetaryl_alkyl_c2_hetaryl,6.8761810139810031,07-Nov-2011,11-Jul-11,5se9_445,train,train,val,test,train,test,test
446,O=C(Nc1ccn(Cc2ccccc2)n1)c1nc(C2CC2)ccc1Nc1cncnc1,aminohetaryl_c1_amide,8.466898182660903,05-Oct-2009,04-Sep-08,5sfk_446,test,train,train,train,train,train,train
447,Cc1ncc(C)n2nc(CCc3nc(N4CC[C@@H](C)C4)nn3C)nc12,c1_hetaryl_alkyl_c2_hetaryl,7.5487746844332955,17-Dec-2012,01-OCT-12,5sfi_447,val,val,test,test,val,,train
448,Cc1cnccc1NC(=O)c1ccc2cc(-c3ccccc3)nn2c1,aryl_c1_amide_c2_hetaryl,6.24893886797408785,12-Oct-2009,28-Jul-09,5sfp_448,train,test,train,train,train,train,val
449,O=C(NCCN1CCCc2ccccc21)c1nc(C2CC2)cnc1Nc1cncnc1,aminohetaryl_c1_amide,7.3370439486885957,07-Jun-2010,27-Apr-10,5sfl_449,test,train,train,train,train,train,test
450,CN(c1nc2cc(NC(=O)c3c(C(=O)N4CCC4)cnn3C)ccn2n1)C1CC1,aryl_c1_amide_c2_hetaryl,9.0591074520393167,05-Sep-2011,21-Sep-10,5seh_450,train,test,val,val,train,test,train
451,O=C(NCCN1CCc2ccccc2C1=O)c1nc(C2CC2)cnc1Nc1cncnc1,aminohetaryl_c1_amide,6.24097009238528969,28-Jun-2010,27-Apr-10,5se5_451,test,train,train,train,train,train,train
452,CNC(=O)c1cc2[nH]c(-c3ccccc3)nc2cc1NC(=O)c1ccnn1C,aryl_c1_amide_c2_hetaryl,7.8482931429774236,26-Aug-2009,10-Sep-08,5sdw_452,train,test,train,train,train,train,train
453,CNC(=O)c1cc2[nH]c(-c3ccccc3)nc2cc1NC(=O)c1c(C(=O)N2CCOCC2)cnn1C,aryl_c1_amide_c2_hetaryl,6.7083692308510006,06-Aug-2009,10-Sep-08,5sdw_453,train,test,train,train,train,train,train
454,O=C(Nc1ccn2nc(-c3ccccc3)nc2c1)c1cc(Cl)ccn1,aryl_c1_amide_c2_hetaryl,7.1181818358695645,30-May-2011,23-May-11,5sez_454,train,test,val,val,train,test,train
455,CCc1nc2ccc(OCc3cccc(N4CCCC4)n3)nn2c1C,c1_hetaryl_alkyl_c2_hetaryl,6.26163888082307873,17-Oct-2011,11-Jul-11,5se9_455,train,train,val,test,train,test,test
456,Cc1ncc(C)n2nc(CCc3nc(C)n(-c4ccccc4)n3)nc12,c1_hetaryl_alkyl_c2_hetaryl,6.12597068724507163,08-Apr-2013,10-Feb-12,5sft_456,val,val,,test,test,,train
457,Cn1ncc(C(=O)N2CCOCC2)c1C(=O)N[C@@H]1CCn2cc(-c3ccccc3Cl)nc2C1,aryl_c1_amide_c2_hetaryl,5.61773074342432155,20-Mar-2014,04-Feb-10,5ses_457,val,test,,val,,,train
458,Cn1ncc(C(=O)O)c1C(=O)Nc1ccn2nc(-c3cccnc3F)nc2c1,aryl_c1_amide_c2_hetaryl,7.1781983476257352,18-Apr-2011,04-Feb-10,5se7_458,train,test,train,val,train,test,train
459,COc1ccc(-c2nnc(NC(=O)c3nc(C4CC4)ccc3Nc3cncnc3)s2)cc1,aminohetaryl_c1_amide,5.74797252895580996,10-Aug-2009,27-Jul-09,5se0_459,test,train,train,train,train,train,test
460,O=C(Nc1nnc(-c2ccc(F)cc2)s1)c1nc(C2CC2)ccc1Nc1cncnc1,aminohetaryl_c1_amide,5.207884796674063,10-Aug-2009,15-Jun-09,5sf4_460,test,train,train,train,train,train,test
461,CN(C)c1nc2cc(NC(=O)c3c(C(=O)N4CCC4)cnn3C)ccc2s1,aryl_c1_amide_c2_hetaryl,8.50626319772316,01-Mar-2010,04-Feb-10,5sfx_461,train,test,train,train,train,train,train
462,Cc1nc2ccc(OCc3nc(-c4ccccc4)nn3C)nn2c1C,c1_hetaryl_alkyl_c2_hetaryl,7.287055818643065,02-Aug-2011,11-Jul-11,5se9_462,train,train,val,test,train,test,val
463,Cc1ccc2nc(OCc3nc(-c4ccccc4)cn3C)c(Cl)nc2c1,c1_hetaryl_alkyl_c2_hetaryl,8.3734543409728706,07-Mar-2011,20-Dec-10,5sf9_463,train,train,train,test,train,test,train
464,CC(C)(O)CNC(=O)c1cc(OCCO)ccc1NC(=O)c1nc(C2CC2)cnc1Nc1cncnc1,aminohetaryl_c1_amide,9.3110628742779604,21-Jun-2010,27-Apr-10,5sfl_464,test,train,train,train,train,train,test
465,Cn1cc(-c2ccccc2)nc1/C=C/c1ncc(Cl)nc1Cl,c1_hetaryl_alkyl_c2_hetaryl,6.08391311956540216,20-Dec-2010,24-Sep-10,5se2_465,train,train,train,test,train,val,train
466,CNC(=O)c1cc2[nH]c(-c3ccccc3)nc2cc1NC(=O)c1ccnnc1,aryl_c1_amide_c2_hetaryl,7.6312112231588867,12-Oct-2009,30-Sep-09,5sex_466,train,test,train,train,train,train,test
467,Cn1cc(-c2ccccc2)nc1CCc1ccccn1,c1_hetaryl_alkyl_c2_hetaryl,5.0,25-Oct-2010,24-Sep-10,5se2_467,train,train,train,test,train,val,train
468,Cn1nc(-c2ccc3ccccc3n2)cc1NC(=O)c1c(C(=O)N2CCC2)cnn1C,aryl_c1_amide_c2_hetaryl,9.039529222465701,07-Sep-2009,31-Mar-09,5sel_468,train,test,train,train,train,train,train
469,Cn1ncc(C(=O)N2CCC2)c1C(=O)Nc1ccc2nc(N3CCCC3)nn2c1,aryl_c1_amide_c2_hetaryl,9.3172112188791583,05-Mar-2012,21-Sep-10,5seh_469,train,test,test,val,train,,val
470,CN(C)c1nc(OCc2nc3ccccc3n2C)nc2ccc(Cl)cc12,c1_hetaryl_alkyl_c2_hetaryl,6.9212206622593978,11-Apr-2011,09-Feb-11,5sed_470,train,train,train,test,train,test,train
471,O=C(Nc1ccncc1F)c1ccc2cc(-c3ccccc3)nn2c1,aryl_c1_amide_c2_hetaryl,6.029733108277150887,19-Aug-2009,28-Jul-09,5sfp_471,train,test,train,train,train,train,val
472,COCc1ccc(Nc2cncnc2)c(C(=O)Nc2cc(-c3ccccn3)nn2C)n1,aminohetaryl_c1_amide,8.1821042428382045,12-Oct-2009,06-Mar-09,5set_472,test,train,train,train,train,train,test
473,COc1ccccc1-c1cn2c(n1)C[C@H](NC(=O)c1c(C(=O)N(C)C)cnn1C)CC2,aryl_c1_amide_c2_hetaryl,8.0856039478702137,01-Sep-2010,04-Feb-10,5ses_473,train,test,train,train,train,train,train
474,Cc1cnc(C)n2nc(/C=C/c3nc(N4CCCC4)nn3C)nc12,c1_hetaryl_alkyl_c2_hetaryl,8.269783159431306,15-May-2012,01-Feb-12,5sei_474,train,train,test,test,val,,train
475,Cc1cc(C)n2nc(CCc3nc(N4CCCC4)nn3C3CC3)nc2n1,c1_hetaryl_alkyl_c2_hetaryl,8.086186147616283,01-Jul-2013,10-May-12,5seq_475,val,val,,test,test,,val
476,Cn1ncc(NC(=O)c2nc(C3CC3)cnc2Nc2cccnc2)c1C(=O)N1CCC1,aminohetaryl_c1_amide,7.1115677562063186,05-Jul-2010,27-Apr-10,5sfl_476,test,train,train,train,train,train,train
477,O=C(Nc1cnccc1C(=O)N1CCCC1)c1nc(C2CC2)ccc1Nc1cncnc1,aminohetaryl_c1_amide,7.7276477590932056,26-Aug-2009,07-Apr-09,5sfu_477,test,train,train,train,train,train,train
478,Cc1noc(C(F)(F)F)c1C(=O)Nc1ccn2nc(-c3ccccc3)nc2c1,aryl_c1_amide_c2_hetaryl,5.0298659057863216,27-Jun-2011,09-Feb-11,5se3_478,train,test,val,val,train,test,train
479,Cc1ccn2nc(CCc3nc(N4CCCC4)n(C)n3)nc2c1C,c1_hetaryl_alkyl_c2_hetaryl,8.1408016384661224,12-Mar-2012,01-Feb-12,5sej_479,train,train,test,test,train,,train
480,CN(CCCO)C(=O)c1ccncc1NC(=O)c1nc(C2CC2)ccc1Nc1cncnc1,aminohetaryl_c1_amide,7.2490983725969624,28-Sep-2009,07-Apr-09,5sfu_480,test,train,train,train,train,train,test
481,CNC(=O)c1cc(CCC(=O)O)ccc1NC(=O)c1nc(C2CC2)cnc1Nc1cncnc1,aminohetaryl_c1_amide,9.413412695328245,18-Oct-2010,27-Apr-10,5se5_481,test,train,train,train,train,train,train
482,CCn1nccc1C(=O)Nc1cc2nc(-c3ccccc3)[nH]c2cc1C(=O)NC,aryl_c1_amide_c2_hetaryl,7.949813650324639,19-Oct-2009,10-Sep-08,5sdw_482,train,test,train,train,train,train,train
483,Cc1cnc(C)n2nc(CCc3nc(N4CCNC(=O)C4)nn3C)nc12,c1_hetaryl_alkyl_c2_hetaryl,6.071443877587509,14-Jan-2013,18-Jun-12,5sfw_483,val,val,,test,test,,val
484,c1cc(COc2nc(N3CCOCC3)c3ccccc3n2)nc(N2CCCC2)c1,c1_hetaryl_alkyl_c2_hetaryl,7.2366394021892324,15-Mar-2011,09-Feb-11,5sed_484,train,train,train,test,train,test,train
485,O=C(Nc1ccn(CCCC(F)(F)F)n1)c1nc(C2CC2)ccc1Nc1cncnc1,aminohetaryl_c1_amide,8.176590985107455,05-Oct-2009,04-Sep-08,5sfk_485,test,train,train,train,train,train,test
486,CCOC(=O)c1cnn(C)c1C(=O)Nc1ccn2nc(N(C)C3CC3)nc2c1,aryl_c1_amide_c2_hetaryl,7.2334157245767063,05-Sep-2011,21-Sep-10,5seh_486,train,test,val,val,train,test,val
487,O=C(Nc1cnccc1C(=O)N1CCC(F)(F)C1)c1nc(C2CC2)ccc1Nc1cncnc1,aminohetaryl_c1_amide,7.1825007381322417,21-Sep-2009,07-Apr-09,5sfu_487,test,train,train,train,train,train,train
488,O=C(Nc1cc(-c2ccccc2)no1)c1nc(C2CC2)ccc1Nc1cncnc1,aminohetaryl_c1_amide,6.2131613019492334,19-Aug-2009,15-Jun-09,5sf4_488,test,train,train,train,train,train,train
489,CN(C)c1nc2cc(NC(=O)c3c(C(=O)N4CCCC4)cnn3C)ccn2n1,aryl_c1_amide_c2_hetaryl,8.2779731805224532,01-Nov-2010,21-Sep-10,5seh_489,train,test,train,train,train,val,train
490,O=C1c2ccccc2C(=O)N1CCc1nc(-c2ccccn2)no1,aryl_c1_amide_c2_hetaryl,5.2635458877995248,04-Apr-2011,07-Oct-10,5seo_490,train,test,train,val,train,test,train
491,O=C(NCCc1cccc(C(F)(F)F)c1)c1nc(C2CC2)cnc1Nc1cncnc1,aminohetaryl_c1_amide,7.0819749083492318,07-Jun-2010,27-Apr-10,5sfl_491,test,train,train,train,train,train,test
492,Cc1ncc(C)n2nc(CCc3nc(N4CCCC4)n(C4CC4)n3)nc12,c1_hetaryl_alkyl_c2_hetaryl,8.086292086019517,28-Jan-2013,10-Feb-12,5sft_492,val,val,,test,test,,test
493,CCN(C)c1nc2cc(NC(=O)c3c(C(=O)N4CCOCC4)cnn3C)ccn2n1,aryl_c1_amide_c2_hetaryl,8.2555197170610435,20-Dec-2010,21-Sep-10,5seh_493,train,test,train,train,train,val,train
494,CC(C)c1ccc(NC(=O)c2nc(C3CC3)cnc2Nc2cncnc2)c(C(=O)NCC(C)(C)O)c1,aminohetaryl_c1_amide,8.9747714526071345,21-Jun-2010,27-Apr-10,5sfl_494,test,train,train,train,train,train,val
495,Cc1ccccc1-c1cn2c(n1)C[C@H](NC(=O)c1c(C(=O)N3CCC3)cnn1C)CC2,aryl_c1_amide_c2_hetaryl,8.1050750226404564,12-Apr-2010,04-Feb-10,5ses_495,train,test,train,train,train,train,train
496,Cn1ncc(C(=O)N2CCOCC2)c1C(=O)Nc1ccn2nc(-n3ccnc3)nc2c1,aryl_c1_amide_c2_hetaryl,6.9827286991225386,05-Oct-2011,21-Sep-10,5seh_496,train,test,val,val,train,test,train
497,Cc1c(Cl)cc(Cl)c2nc(CCc3nc4ccccc4n3C)nn12,c1_hetaryl_alkyl_c2_hetaryl,7.2138521839028245,18-Jun-2012,01-Feb-12,5sej_497,train,val,test,test,val,,test
498,O=C(Nc1ccn(CCC(F)(F)F)n1)c1nc(C2CC2)ccc1Nc1cncnc1,aminohetaryl_c1_amide,8.014438812226655,19-Oct-2009,04-Sep-08,5sfk_498,test,train,train,train,train,train,val
499,CCn1ncc(NC(=O)c2nc(C3CC3)cnc2Nc2cncnc2)c1C(=O)N1CCOCC1,aminohetaryl_c1_amide,7.0508979919093415,03-May-2010,27-Apr-10,5sfl_499,test,train,train,train,train,train,test
500,Cn1nc(N2CCCC2)nc1CCc1nc2cnc(C#N)cn2n1,c1_hetaryl_alkyl_c2_hetaryl,5.3802544648492641,21-May-2012,10-May-12,5seq_500,train,train,test,test,val,,val
501,Cl.Cn1cc(-c2ccccc2)nc1CCc1cncc(N2CCCN2)n1,c1_hetaryl_alkyl_c2_hetaryl,6.9069742636358412,14-Feb-2011,02-Feb-11,5sev_501,train,train,train,test,train,test,train
502,CCOC(=O)c1cnn(C)c1C(=O)Nc1ccn2nc(N(C)CC)nc2c1,aryl_c1_amide_c2_hetaryl,6.44411510519979364,20-Dec-2010,21-Sep-10,5seh_502,train,test,train,train,train,val,test
503,O=C(Nc1cnccc1C(=O)N1CC(O)C1)c1nc(C2CC2)ccc1Nc1cncnc1,aminohetaryl_c1_amide,7.2327699018892815,19-Oct-2009,07-Apr-09,5sfu_503,test,train,train,train,train,train,train
504,CC(C)(O)CNC(=O)c1cc(C(F)(F)F)ccc1NC(=O)c1nc(C2CC2)cnc1Nc1cncnc1,aminohetaryl_c1_amide,8.641113795594131,01-Sep-2010,27-Apr-10,5sfl_504,test,train,train,train,train,train,val
505,Cc1cn2nc(C#Cc3nc(N4CCCC4)nn3C)ccc2n1,c1_hetaryl_alkyl_c2_hetaryl,8.0356223744020627,04-Feb-2013,26-Mar-12,5sff_505,val,val,,test,test,,train
506,CC(C)(O)CNC(=O)c1c(NC(=O)c2nc(C3CC3)cnc2Nc2cncnc2)cnn1CCC(F)(F)F,aminohetaryl_c1_amide,7.8932962639801454,10-May-2010,27-Apr-10,5sfl_506,test,train,train,train,train,train,train
507,O=C(Nc1ccnn1-c1ccccc1)c1nc(C2CC2)ccc1Nc1cncnc1,aminohetaryl_c1_amide,9.0624821079826527,21-Sep-2009,28-May-09,5sea_507,test,train,train,train,train,train,train
508,O=C(Nc1cnccc1C(=O)N1CC(F)(F)C1)c1nc(C2CC2)ccc1Nc1cncnc1,aminohetaryl_c1_amide,7.5293102624906099,19-Oct-2009,07-Apr-09,5sfu_508,test,train,train,train,train,train,train
509,O=C(Nc1cc(-c2ccc(F)cc2)no1)c1nc(C2CC2)ccc1Nc1cncnc1,aminohetaryl_c1_amide,5.61071410233965745,05-Oct-2009,15-Jun-09,5sf4_509,test,train,train,train,train,train,train
510,CNC(=O)COc1ccc(NC(=O)c2nc(C3CC3)cnc2Nc2cncnc2)c(C(=O)NC)c1,aminohetaryl_c1_amide,8.7758014482711157,11-Oct-2010,27-Apr-10,5se5_510,test,train,train,train,train,train,train
511,Cn1nc(N2CCCC2)nc1CCc1nc2c(Br)cc(C(F)(F)F)cn2n1,c1_hetaryl_alkyl_c2_hetaryl,7.4375643772618791,25-Jun-2012,04-Jun-12,5seu_511,train,val,test,test,val,,train
512,Cc1c(Cl)ccc2nc(CCc3nc4ccc(Cl)c(C)n4n3)nn12,c1_hetaryl_alkyl_c2_hetaryl,6.32576918118037307,04-Jun-2012,01-Feb-12,5sej_512,train,train,test,test,val,,train
513,CN(C)c1nc2cc(NC(=O)c3c(C(=O)N4CC(F)C4)cnn3C)ccn2n1,aryl_c1_amide_c2_hetaryl,7.7078325692157068,01-Nov-2010,21-Sep-10,5seh_513,train,test,train,train,train,val,train
514,COc1ncc(C2CC2)nc1C(=O)Nc1ccn2nc(-c3ccccc3)nc2c1,aryl_c1_amide_c2_hetaryl,7.7697555005986247,14-Feb-2011,04-Feb-10,5se7_514,train,test,train,val,train,test,train
515,Cc1ncc(C)n2nc(CCc3nc(N4CCNCC4)nn3C)nc12,c1_hetaryl_alkyl_c2_hetaryl,6.11471343074805027,26-Nov-2012,09-Feb-12,5sfh_515,val,val,test,test,val,,test
516,O=C(Nc1cn(-c2ccccn2)cn1)c1nc(C2CC2)ccc1Nc1cncnc1,aminohetaryl_c1_amide,7.4811440234361664,28-Sep-2009,28-May-09,5sea_516,test,train,train,train,train,train,train
517,Cn1cc(-c2ccccc2)nc1COc1ccc2nc(C(F)(F)F)cn2n1,c1_hetaryl_alkyl_c2_hetaryl,6.48434733204509256,13-Feb-2012,11-Jul-11,5se9_517,train,train,test,test,train,,train
518,O=C(Nc1ccn2nc(-c3ccccc3)nc2c1)c1cnc(Cl)c(Cl)c1,aryl_c1_amide_c2_hetaryl,5.986262232329218547,16-May-2011,09-Feb-11,5se3_518,train,test,train,val,train,test,train
519,CSc1ncc(Nc2cncnc2)c(C(=O)Nc2cc(-c3ccccn3)nn2C)n1,aminohetaryl_c1_amide,5.86547706134804542,21-Dec-2009,06-Mar-09,5set_519,test,train,train,train,train,train,test
520,CN(C)c1nc2cc(NC(=O)c3c(C(=O)N4CCC4)cnn3C)ccn2n1,aryl_c1_amide_c2_hetaryl,8.5579239970522303,01-Nov-2010,21-Sep-10,5seh_520,train,test,train,train,train,val,val
521,Cc1c(Cl)cc(Cl)c2nc(CCc3nc(N4CCCC4)no3)nn12,c1_hetaryl_alkyl_c2_hetaryl,7.7760111174299078,25-Jun-2012,01-Feb-12,5sej_521,train,val,test,test,val,,train
522,Cc1c(Cl)cc(Cl)c2nc(CCc3n[nH]c(N4CCCC4)n3)nn12,c1_hetaryl_alkyl_c2_hetaryl,9.6655462488490684,02-Jul-2012,01-Feb-12,5sej_522,train,val,test,test,val,,train
523,O=C(Nc1ccc2cc(-c3ccccc3)nn2c1)c1onc2ccc(Br)cc12,aryl_c1_amide_c2_hetaryl,7.9813827074805581,26-Aug-2009,28-Jul-09,5sfp_523,train,test,train,train,train,train,train
524,Cc1ncc(C)n2nc(CCc3nc(N4CC5CC4C5)nn3C)nc12,c1_hetaryl_alkyl_c2_hetaryl,6.06636088747507493,06-May-2013,01-OCT-12,5sfi_524,val,val,,test,test,,train
525,CNC(=O)c1cc(OCC(C)(C)O)ccc1NC(=O)c1nc(C2CC2)cnc1Nc1cncnc1,aminohetaryl_c1_amide,8.6779875614175994,15-Nov-2010,27-Apr-10,5se5_525,test,train,train,train,train,val,test
526,CNC(=O)c1cc2[nH]c(-c3ccccc3)nc2cc1NC(=O)c1ccn(C)n1,aryl_c1_amide_c2_hetaryl,6.9517485819093254,19-Oct-2009,10-Sep-08,5sdw_526,train,test,train,train,train,train,val
527,CNC(=O)c1cc(OCCO)ccc1NC(=O)c1nc(C2CC2)cnc1Nc1cncnc1,aminohetaryl_c1_amide,9.111951736270366,21-Jun-2010,27-Apr-10,5se5_527,test,train,train,train,train,train,test
528,O=C(Nc1cnccc1C(=O)N1CC2(COC2)C1)c1nc(C2CC2)ccc1Nc1cncnc1,aminohetaryl_c1_amide,6.24315554123523303,02-Nov-2009,07-Apr-09,5sfu_528,test,train,train,train,train,train,train
529,Cc1noc(C(=O)Nc2ccc3cc(-c4ccccc4)nn3c2)c1Br,aryl_c1_amide_c2_hetaryl,7.7456453079468335,26-Aug-2009,28-Jul-09,5sfp_529,train,test,train,train,train,train,val
530,Cn1ncc(NC(=O)c2nc(C3CC3)cnc2Nc2cncnc2)c1C(=O)N1CCCCC1,aminohetaryl_c1_amide,7.4828041020500256,03-May-2010,27-Apr-10,5sfl_530,test,train,train,train,train,train,val
531,O=C(Nc1ccn2cc(-c3ccccc3)nc2n1)c1nc(C2CC2)ccc1Nc1cncnc1,aminohetaryl_c1_amide,8.2033562962148836,21-Sep-2009,15-Jun-09,5sf4_531,test,train,train,train,train,train,train
532,CNC(=O)c1nn(C)cc1NC(=O)c1ccc2cc(-c3ccccc3)nn2c1,aryl_c1_amide_c2_hetaryl,6.7087177506402969,12-Oct-2009,28-Jul-09,5sfp_532,train,test,train,train,train,train,train
533,CCn1nc(CCc2nc3c(C)ncc(C)n3n2)nc1N1CCCC1,c1_hetaryl_alkyl_c2_hetaryl,7.5452465800343378,02-May-2012,10-Feb-12,5sft_533,train,train,test,test,val,,val
534,O=C(Nc1cc(-c2ccc(Br)cc2)no1)c1nc(C2CC2)ccc1Nc1cncnc1,aminohetaryl_c1_amide,6.10740012802516932,05-Oct-2009,15-Jun-09,5sf4_534,test,train,train,train,train,train,train
535,Cn1nc(-c2ccccn2)cc1NC(=O)c1c(C(=O)N2CCC2)cnn1C,aryl_c1_amide_c2_hetaryl,8.0990869322623307,07-Sep-2009,31-Mar-09,5sel_535,train,test,train,train,train,train,train
536,CNC(=O)c1cc(OCCOC)ccc1NC(=O)c1nc(C2CC2)cnc1Nc1cncnc1,aminohetaryl_c1_amide,8.9949700796077336,21-Jun-2010,27-Apr-10,5se5_536,test,train,train,train,train,train,train
537,O=C(Nc1ccn([C@]23C[C@H]4C[C@H](C[C@H](C4)C2)C3)n1)c1nc(C2CC2)ccc1Nc1cncnc1,aminohetaryl_c1_amide,7.9087200357711622,05-Oct-2009,04-Sep-08,5sfk_537,test,train,train,train,train,train,val
538,CC1(C)CCN(C(=O)c2ccncc2NC(=O)c2nc(C3CC3)ccc2Nc2cncnc2)C1,aminohetaryl_c1_amide,7.0602661491142658,21-Sep-2009,07-Apr-09,5sfu_538,test,train,train,train,train,train,train
539,COCc1ccc(NC(=O)c2nc(C3CC3)cnc2Nc2cncnc2)c(C(=O)NCC(C)(C)O)n1,aminohetaryl_c1_amide,9.3172035990281983,21-Jun-2010,27-Apr-10,5sfl_539,test,train,train,train,train,train,train
540,Cc1ccc2nc(Cl)c(OCc3nc(-c4ccccc4)cn3C)nc2c1,c1_hetaryl_alkyl_c2_hetaryl,8.2960211749916137,07-Mar-2011,20-Dec-10,5sf9_540,train,train,train,test,train,test,val
541,CC(C)(O)CNC(=O)c1c(NC(=O)c2nc(C3CC3)cnc2Nc2cncnc2)ccc(F)c1F,aminohetaryl_c1_amide,8.341797746612985,27-Sep-2010,27-Apr-10,5sfl_541,test,train,train,train,train,train,test
542,Cc1cc(Nc2cncnc2)cc(C(=O)Nc2cc(-c3ccccn3)nn2C)n1,aryl_c1_amide_c2_hetaryl,7.0351748821166111,28-Jul-2009,31-Mar-09,5sel_542,train,test,train,train,train,train,train
543,Cn1cc(-c2ccccc2)nc1/C=C/c1cc(Cl)nc(Cl)n1,c1_hetaryl_alkyl_c2_hetaryl,5.63642261463920174,03-Jan-2011,24-Sep-10,5se2_543,train,train,train,test,train,test,train
544,O=C(Nc1ccc(F)c(F)c1C(=O)N1CCC1)c1nc(C2CC2)cnc1Nc1cncnc1,aminohetaryl_c1_amide,7.8088005802984812,27-Sep-2010,27-Apr-10,5se5_544,test,train,train,train,train,train,train
545,O=C(Nc1ccc(-n2ccccc2=O)cc1)c1nc(C2CC2)ccc1Nc1cncnc1,aminohetaryl_c1_amide,7.694390710433807,05-Oct-2009,06-Mar-09,5sf2_545,test,train,train,train,train,train,train
546,CN1CCN(c2nc3cc(NC(=O)c4c(C(=O)N5CCC5)cnn4C)ccc3s2)CC1,aryl_c1_amide_c2_hetaryl,6.4061725103996061,12-Apr-2010,04-Feb-10,5sfx_546,train,test,train,train,train,train,train
547,Cn1nc(-c2ccccn2)cc1NC(=O)c1cc(C(F)(F)F)ncc1Br,aryl_c1_amide_c2_hetaryl,5.0,28-Jul-2009,31-Mar-09,5sel_547,train,test,train,train,train,train,val
548,Cc1cccc(-c2cc(NC(=O)c3c(C(=O)N4CCC4)cnn3C)n[nH]2)n1,aryl_c1_amide_c2_hetaryl,8.0107282083583065,14-Sep-2009,31-Mar-09,5sel_548,train,test,train,train,train,train,test
549,CCOC(=O)c1cnn(C)c1C(=O)Nc1ccn2nc(N(C)C)nc2c1,aryl_c1_amide_c2_hetaryl,6.502695692546056,25-Oct-2010,21-Sep-10,5seh_549,train,test,train,train,train,val,test
550,Cn1nc(N2CCCC2)nc1/C=C/c1nc(N2CCCC2)nn1C,c1_hetaryl_alkyl_c2_hetaryl,6.7255350191179806,12-Jun-2012,01-Feb-12,5sei_550,train,train,test,test,val,,train
551,O=C(Nc1ccc(C2CC2)nc1C(=O)N1CCC1)c1nc(C2CC2)cnc1Nc1cncnc1,aminohetaryl_c1_amide,8.0699173666076285,09-Aug-2010,27-Apr-10,5sfl_551,test,train,train,train,train,train,train
552,O=C(Nc1cnccc1C(=O)N1CCC1)c1nc(C2CC2)ccc1Nc1cncnc1,aminohetaryl_c1_amide,8.381011079635066,28-Sep-2009,07-Apr-09,5sfu_552,test,train,train,train,train,train,train
553,CCc1ccc(NC(=O)c2nc(C3CC3)cnc2Nc2cncnc2)c(C(=O)NCC(C)(C)O)n1,aminohetaryl_c1_amide,9.3904055907747797,18-May-2010,27-Apr-10,5sfl_553,test,train,train,train,train,train,test
554,O=C(Nc1cncnc1C(=O)N1CCCCC1)c1nc(C2CC2)cnc1Nc1cncnc1,aminohetaryl_c1_amide,7.0904653651026257,21-Jun-2010,27-Apr-10,5sfl_554,test,train,train,train,train,train,val
555,O=C(Nc1nnc(-c2cnccn2)s1)c1nc(C2CC2)ccc1Nc1cncnc1,aminohetaryl_c1_amide,6.12855024877165008,24-Aug-2009,15-Jun-09,5sf4_555,test,train,train,train,train,train,val
556,O=C(Nc1ccccc1)c1cccc(NC(=O)c2nc(C3CC3)ccc2Nc2cncnc2)c1,aminohetaryl_c1_amide,8.1682581663543616,21-Sep-2009,06-Mar-09,5sf2_556,test,train,train,train,train,train,val
557,CNC(=O)c1cc2[nH]c(-c3ccccc3)nc2cc1NC(=O)c1cc(C)on1,aryl_c1_amide_c2_hetaryl,6.7214658875029395,19-Oct-2009,30-Sep-09,5sex_557,train,test,train,train,train,train,train
558,CNC(=O)c1cc2[nH]c(-c3ccccc3)nc2cc1NC(=O)c1cc(C)nn1C(C)(C)C,aryl_c1_amide_c2_hetaryl,6.0247810249511515,19-Oct-2009,10-Sep-08,5sdw_558,train,test,train,train,train,train,val
559,Cc1nc2ccc(OCc3cccc(N4CCCC4)n3)nn2c1C,c1_hetaryl_alkyl_c2_hetaryl,6.7919000859106399,18-Jul-2011,11-Jul-11,5se9_559,train,train,val,test,train,test,test
560,Cc1ncc(C)n2nc(/C=C/c3nc(N4CC[C@@H](C)C4)nn3C)nc12,c1_hetaryl_alkyl_c2_hetaryl,7.6179829574251317,01-Jul-2013,15-NOV-12,5sfy_560,val,val,,test,test,,val
561,CC1(C)CCCN1C(=O)c1ccncc1NC(=O)c1nc(C2CC2)ccc1Nc1cncnc1,aminohetaryl_c1_amide,7.6100369635641116,26-Oct-2009,07-Apr-09,5sfu_561,test,train,train,train,train,train,test
562,CN(C)C(=O)c1nc(C2CC2)ccc1NC(=O)c1nc(C2CC2)cnc1Nc1cncnc1,aminohetaryl_c1_amide,7.6870825188836314,02-Aug-2010,27-Apr-10,5se5_562,test,train,train,train,train,train,train
563,C[C@@H](NC(=O)c1ccc(NC(=O)c2nc(C3CC3)ccc2Nc2cncnc2)s1)c1ccccc1,aminohetaryl_c1_amide,6.49401074476835233,05-Oct-2009,06-Mar-09,5sf2_563,test,train,train,train,train,train,train
564,O=C(NC1CCC1)c1ccncc1NC(=O)c1nc(C2CC2)ccc1Nc1cncnc1,aminohetaryl_c1_amide,8.941953769604718,21-Sep-2009,07-Apr-09,5sfu_564,test,train,train,train,train,train,train
565,Cn1ncc(NC(=O)c2nc(C3CC3)cnc2Nc2cncnc2)c1C(=O)N1CCOCC1,aminohetaryl_c1_amide,6.8285924384698332,25-May-2010,27-Apr-10,5sfl_565,test,train,train,train,train,train,train
566,Cc1ncc(C)n2nc(/C=C/c3nc(N4CC[C@H](C)C4)nn3C)nc12,c1_hetaryl_alkyl_c2_hetaryl,7.348721986001856,01-Jul-2013,15-NOV-12,5sfy_566,val,val,,test,test,,val
567,Cc1ccc(NC(=O)c2nc(C3CC3)cnc2Nc2cncnc2)c(C(=O)N2CCC2)n1,aminohetaryl_c1_amide,8.7239980100379495,01-Sep-2010,27-Apr-10,5sfl_567,test,train,train,train,train,train,val
568,CN(C)c1nc2cc(NC(=O)c3c(C(=O)N4CCOCC4)cnn3C)ccn2n1,aryl_c1_amide_c2_hetaryl,7.4109362756790809,01-Nov-2010,21-Sep-10,5seh_568,train,test,train,train,train,val,val
569,NS(=O)(=O)c1ccc(CCNC(=O)c2nc(C3CC3)cnc2Nc2cncnc2)cc1,aminohetaryl_c1_amide,6.5223058545889527,14-Jun-2010,27-Apr-10,5sfl_569,test,train,train,train,train,train,val
570,O=C1c2ccccc2C(=O)N1CCc1nc(-c2ccncc2)no1,aryl_c1_amide_c2_hetaryl,4.9252040681895999,04-Apr-2011,07-Oct-10,5seo_570,train,test,train,val,train,test,test
571,CC(=O)Nc1cccc(NC(=O)c2nc(C3CC3)cnc2Nc2cncnc2)c1,aminohetaryl_c1_amide,7.4607356640525448,07-Mar-2011,27-Apr-10,5se5_571,test,train,train,val,train,test,train
572,CNC(=O)c1c(NC(=O)c2nc(C3CC3)cnc2Nc2cncnc2)cnn1CCC(F)(F)F,aminohetaryl_c1_amide,7.7128279652808507,10-May-2010,27-Apr-10,5se5_572,test,train,train,train,train,train,train
573,Cc1nc2ccc(OCc3nc(N4CCCC4)nn3C)nn2c1C,c1_hetaryl_alkyl_c2_hetaryl,7.0090709414656323,23-Jul-2012,11-Jul-11,5se9_573,val,val,test,test,val,,train
574,CN(C)c1nc(/C=C/c2cccc(Br)n2)nc2ccc(Cl)cc12,c1_hetaryl_alkyl_c2_hetaryl,6.5502933283698614,11-Apr-2011,09-Feb-11,5sed_574,train,train,train,test,train,test,train
575,O=C(Nc1cccnc1C(=O)N1CCCCC1)c1nc(C2CC2)cnc1Nc1cncnc1,aminohetaryl_c1_amide,7.7860839903559769,07-Jun-2010,27-Apr-10,5se5_575,test,train,train,train,train,train,val
576,CNC(=O)c1cc(NC(=O)c2nc(C3CC3)ccc2Nc2cncnc2)n(C)n1,aminohetaryl_c1_amide,7.1311123056090198,06-Aug-2009,15-Jun-09,5sf4_576,test,train,train,train,train,train,test
577,O=C(Nc1cc(-c2ccc(Cl)cc2)no1)c1nc(C2CC2)ccc1Nc1cncnc1,aminohetaryl_c1_amide,5.8382763214880388,05-Oct-2009,15-Jun-09,5sf4_577,test,train,train,train,train,train,val
578,CC(C)c1nc2cc(NC(=O)c3c(C(=O)N4CCC4)cnn3C)ccn2n1,aryl_c1_amide_c2_hetaryl,7.324936908790331,18-Oct-2010,04-Feb-10,5se7_578,train,test,train,train,train,val,train
579,O=C1c2ccccc2C(=O)N1CCc1nc(-c2cccnc2)no1,aryl_c1_amide_c2_hetaryl,4.7852887379313265,04-Apr-2011,07-Oct-10,5seo_579,train,test,train,val,train,test,val
580,O=C(Nc1ccn(C2CCCC2)n1)c1nc(C2CC2)ccc1Nc1cncnc1,aminohetaryl_c1_amide,8.2476441958464988,05-Oct-2009,04-Sep-08,5sfk_580,test,train,train,train,train,train,train
581,CN(CCNC(=O)c1nc(C2CC2)cnc1Nc1cncnc1)C(=O)c1ccccn1,aminohetaryl_c1_amide,5.0,07-Jun-2010,27-Apr-10,5sfl_581,test,train,train,train,train,train,train
582,Cc1c(Cl)cc(Cl)c2nc(CCc3nncn3-c3ccccc3)nn12,c1_hetaryl_alkyl_c2_hetaryl,7.143996546002779,27-Aug-2012,01-Feb-12,5sej_582,val,val,test,test,val,,test
583,CN(C)C(=O)c1ccncc1NC(=O)c1nc(C2CC2)ccc1Nc1cncnc1,aminohetaryl_c1_amide,7.0564906451282094,26-Aug-2009,07-Apr-09,5sfu_583,test,train,train,train,train,train,test
584,CCc1cnc(C)n2nc(CCc3nc(N4CCCC4)nn3C)nc12,c1_hetaryl_alkyl_c2_hetaryl,8.5431635677685964,28-Jan-2013,18-Jun-12,5sfw_584,val,val,,test,test,,test
585,O=C(Nc1cccc(F)c1C(=O)N1CCC1)c1nc(C2CC2)cnc1Nc1cncnc1,aminohetaryl_c1_amide,8.776504059037605,29-Sep-2010,27-Apr-10,5se5_585,test,train,train,train,train,train,val
586,CN(C)c1nc(OCc2cc3ccccn3n2)nc2ccc(Cl)cc12,c1_hetaryl_alkyl_c2_hetaryl,6.37282060228622615,18-Apr-2011,09-Feb-11,5sed_586,train,train,train,test,train,test,train
587,Cc1nc2cc(Cl)ccc2nc1OCc1nc(-c2ccccc2)cn1C,c1_hetaryl_alkyl_c2_hetaryl,8.3926522232315866,07-Feb-2011,20-Dec-10,5sf9_587,train,train,train,test,train,test,train
588,CNC(=O)c1cc(C(F)(F)F)ccc1NC(=O)c1nc(C2CC2)cnc1Nc1cncnc1,aminohetaryl_c1_amide,8.4064924106682346,01-Sep-2010,27-Apr-10,5se5_588,test,train,train,train,train,train,val
589,O=C(Nc1cncnc1C(=O)N1CCCC1)c1nc(C2CC2)cnc1Nc1cncnc1,aminohetaryl_c1_amide,7.2814235823742675,28-Jun-2010,27-Apr-10,5sfl_589,test,train,train,train,train,train,test
590,Cc1nn2ccc(CCc3nc(N4CCCC4)nn3C)nc2c1C,c1_hetaryl_alkyl_c2_hetaryl,7.774690718274137,25-Sep-2012,10-May-12,5seq_590,val,val,test,test,val,,train
591,O=C(NCCC(=O)N1CCOCC1)c1nc(C2CC2)cnc1Nc1cncnc1,aminohetaryl_c1_amide,5.81654821792461935,14-Jun-2010,27-Apr-10,5sfl_591,test,train,train,train,train,train,train
592,O=C(Nc1ccn2nc(-c3ccccc3)nc2c1)c1onc2ccc(Br)cc12,aryl_c1_amide_c2_hetaryl,7.990379159185675,22-Nov-2010,04-Feb-10,5se7_592,train,test,train,train,train,val,val
593,O=C(Nc1ccn(CC2CC2)n1)c1nc(C2CC2)ccc1Nc1cncnc1,aminohetaryl_c1_amide,7.635242693428789,05-Oct-2009,04-Sep-08,5sfk_593,test,train,train,train,train,train,val
594,CN(C(=O)c1c(NC(=O)c2nc(C3CC3)cnc2Nc2cncnc2)cnn1C)C1COC1,aminohetaryl_c1_amide,6.719510409590322,12-Jul-2010,27-Apr-10,5sfl_594,test,train,train,train,train,train,train
595,CC(C)(O)CNC(=O)c1c(NC(=O)c2nc(C3CC3)cnc2Nc2cncnc2)cnn1CC(F)(F)F,aminohetaryl_c1_amide,7.6049926506067205,10-May-2010,27-Apr-10,5sfl_595,test,train,train,train,train,train,test
596,Cc1ncc(C)n2nc(/C=C/c3nc(N4CCCC4)cn3C)nc12,c1_hetaryl_alkyl_c2_hetaryl,6.485594812935054,06-May-2013,15-NOV-12,5sfy_596,val,val,,test,test,,test
597,O=C(Nc1ccn(CCO)n1)c1nc(C2CC2)ccc1Nc1cncnc1,aminohetaryl_c1_amide,7.297233532304884,19-Oct-2009,04-Sep-08,5sfk_597,test,train,train,train,train,train,train
598,Cn1cc(-c2ccccc2)nc1COc1cnc2cc(Cl)ccc2n1,c1_hetaryl_alkyl_c2_hetaryl,8.0101054362812265,03-Jan-2011,20-Dec-10,5sf9_598,train,train,train,test,train,test,test
599,CNC(=O)c1cc(NC(C)=O)ccc1NC(=O)c1nc(C2CC2)cnc1Nc1cncnc1,aminohetaryl_c1_amide,9.417936637088291,17-Aug-2010,27-Apr-10,5se5_599,test,train,train,train,train,train,train
600,CCN(CCO)C(=O)c1ncccc1NC(=O)c1nc(C2CC2)cnc1Nc1cncnc1,aminohetaryl_c1_amide,7.2728899983590845,09-Aug-2010,27-Apr-10,5sfl_600,test,train,train,train,train,train,train
601,CCc1nc(CNC(=O)c2cnn(C)c2C(=O)Nc2ccn3cc(-c4ccccc4)nc3n2)cs1,aryl_c1_amide_c2_hetaryl,5.94618887060007948,05-Jul-2010,03-May-10,5sfj_601,train,test,train,train,train,train,train
602,CCOc1cccc(NC(=O)c2nc(C3CC3)cnc2Nc2cncnc2)c1,aminohetaryl_c1_amide,7.592048529167327,04-Apr-2011,27-Apr-10,5se5_602,test,train,train,val,train,test,val
603,O=C(Nc1ccn(CC(F)(F)F)n1)c1nc(C2CC2)ccc1Nc1cncnc1,aminohetaryl_c1_amide,8.1944991418415998,05-Oct-2009,04-Sep-08,5sfk_603,test,train,train,train,train,train,train
604,Cc1c(C#N)cc(C#N)c2nc(CCc3nc(N4CCCC4)nn3C)nn12,c1_hetaryl_alkyl_c2_hetaryl,7.5138671821542964,17-Jul-2012,04-Jun-12,5seu_604,val,val,test,test,val,,test
605,Cc1ncc(C2CC2)c2nc(CCc3nc(N4CCCC4)nn3C)nn12,c1_hetaryl_alkyl_c2_hetaryl,8.4839488870025273,03-Jun-2013,18-Jun-12,5sfw_605,val,val,,test,test,,train
606,O=C(Nc1ccn2nc(-c3ccccc3)nc2c1)c1ccno1,aryl_c1_amide_c2_hetaryl,5.6295983202070704,29-Nov-2010,04-Feb-10,5se7_606,train,test,train,train,train,val,train
607,O=C(Nc1cnoc1-c1ccccc1)c1nc(C2CC2)ccc1Nc1cncnc1,aminohetaryl_c1_amide,8.714892970433188,19-Aug-2009,15-Jun-09,5sf4_607,test,train,train,train,train,train,train
608,COc1ccc(Cl)cc1C(=O)Nc1cc(-c2ccccn2)nn1C,aryl_c1_amide_c2_hetaryl,5.8605714917495001,06-Aug-2009,31-Mar-09,5sel_608,train,test,train,train,train,train,test
609,Cc1ncc(C)n2nc(CCc3nc(C(=O)N(C)C)cn3C)nc12,c1_hetaryl_alkyl_c2_hetaryl,5.79736812248453187,05-Dec-2011,08-Nov-11,5sep_609,train,train,val,test,train,test,train
610,Cc1ccc(Nc2cncnc2)c(C(=O)Nc2ccn([C@]34C[C@H]5C[C@H](C[C@H](C5)C3)C4)n2)n1,aminohetaryl_c1_amide,7.283963250382191,05-Oct-2009,04-Sep-08,5sfk_610,test,train,train,train,train,train,val
611,CNC(=O)c1nn(CCOC)cc1NC(=O)c1nc(C2CC2)ccc1Nc1cncnc1,aminohetaryl_c1_amide,7.0408870265757744,19-Oct-2009,30-Sep-09,5sdz_611,test,train,train,train,train,train,train
612,CN(C)c1nc(/C=C/c2nc(Br)cs2)nc2ccc(Cl)cc12,c1_hetaryl_alkyl_c2_hetaryl,5.83223560166234964,23-May-2011,09-Feb-11,5sed_612,train,train,train,test,train,test,train
613,CN(C(=O)c1ncccc1NC(=O)c1nc(C2CC2)cnc1Nc1cncnc1)C1CC1,aminohetaryl_c1_amide,7.5715574197200115,26-Jul-2010,27-Apr-10,5se5_613,test,train,train,train,train,train,train
614,O=C(Nc1cnn(Cc2ccccc2)c1)c1nc(C2CC2)ccc1Nc1cncnc1,aminohetaryl_c1_amide,7.159956669396506,05-Oct-2009,09-Mar-09,5sdy_614,test,train,train,train,train,train,train
615,Cc1c(Cl)cc(C(F)(F)F)c2nc(CCc3nc(I)nn3C)nn12,c1_hetaryl_alkyl_c2_hetaryl,6.9096043775940199,22-Oct-2012,01-Feb-12,5sej_615,val,val,test,test,val,,train
616,Cc1nc2ccccc2nc1OCc1cccc(N2CCCCC2)n1,c1_hetaryl_alkyl_c2_hetaryl,5.77231147139118295,07-Mar-2011,20-Dec-10,5sf9_616,train,train,train,test,train,test,val
617,CCCN(CCC)C(=O)c1c(NC(=O)c2nc(C3CC3)cnc2Nc2cncnc2)cnn1C,aminohetaryl_c1_amide,7.3717541552296553,28-Jun-2010,27-Apr-10,5sfl_617,test,train,train,train,train,train,train
618,Cc1ncc(C)n2nc(/C=C/c3nc(-c4cc[nH]n4)nn3C)nc12,c1_hetaryl_alkyl_c2_hetaryl,7.340701945133838,10-Dec-2012,15-NOV-12,5sfy_618,val,val,test,test,val,,train
619,CNC(=O)c1cc2[nH]c(-c3ccccc3)nc2cc1NC(=O)c1cc[nH]n1,aryl_c1_amide_c2_hetaryl,6.4080798964961124,28-Sep-2009,10-Sep-08,5sdw_619,train,test,train,train,train,train,train
620,Cc1cn2nc(C)c(C)c2nc1CCc1nc(N2CCCC2)nn1C,c1_hetaryl_alkyl_c2_hetaryl,7.1193693070615216,12-Nov-2012,10-May-12,5seq_620,val,val,test,test,val,,train
621,CNC(=O)c1cc2[nH]c(-c3ccccc3)nc2cc1NC(=O)c1nc(C2CC2)ccc1Nc1cncnc1,aminohetaryl_c1_amide,10.029492878147215,31-Aug-2009,06-Mar-09,5sf2_621,test,train,train,train,train,train,train
622,CN(C(=O)c1c(NC(=O)c2nc(C3CC3)cnc2Nc2cncnc2)cnn1C)C1CC1,aminohetaryl_c1_amide,7.2811330927096936,12-Jul-2010,27-Apr-10,5sfl_622,test,train,train,train,train,train,train
623,CN(C)c1nc2ccc(NC(=O)c3c(C(=O)N4CC(F)C4)cnn3C)cn2n1,aryl_c1_amide_c2_hetaryl,7.602424951997711,02-May-2011,21-Sep-10,5seh_623,train,test,train,val,train,test,train
624,CC(C)Cn1ccc(NC(=O)c2nc(C3CC3)ccc2Nc2cncnc2)n1,aminohetaryl_c1_amide,8.229958445680331,05-Oct-2009,04-Sep-08,5sfk_624,test,train,train,train,train,train,train
625,O=C(NC1CCCC1)c1ccncc1NC(=O)c1nc(C2CC2)ccc1Nc1cncnc1,aminohetaryl_c1_amide,8.894489815230026,21-Sep-2009,07-Apr-09,5sfu_625,test,train,train,train,train,train,train
626,[2H]C1([2H])CCC([2H])([2H])N1c1nc(CCc2nc3c(C)ncc(C)n3n2)n(C)n1,c1_hetaryl_alkyl_c2_hetaryl,8.638272163982407,28-May-2013,13-FEB-13,5sfs_626,val,val,,test,test,,train
627,O=C(Nc1ccnc(Cl)n1)c1cn(-c2ccc3ccccc3n2)cn1,aryl_c1_amide_c2_hetaryl,5.91071534872642461,06-Aug-2009,05-Jun-09,5sen_627,train,test,train,train,train,train,train
628,O=C1CN(C(=O)c2ccncc2NC(=O)c2nc(C3CC3)ccc2Nc2cncnc2)CCN1,aminohetaryl_c1_amide,6.6352670705572272,21-Sep-2009,07-Apr-09,5sfu_628,test,train,train,train,train,train,test
629,Cc1ncc(C)n2nc(/C=C/c3ncn(-c4ccccc4)n3)nc12,c1_hetaryl_alkyl_c2_hetaryl,6.7892214734128948,11-Mar-2013,15-NOV-12,5sfy_629,val,val,,test,test,,train
630,CCNC(=O)c1c(NC(=O)c2nc(C3CC3)cnc2Nc2cncnc2)sc2c1CCCC2,aminohetaryl_c1_amide,5.5707651452937607,07-Jun-2010,27-Apr-10,5se5_630,test,train,train,train,train,train,test
631,O=C(NCc1nccn1Cc1ccccc1)c1nc(C2CC2)cnc1Nc1cncnc1,aminohetaryl_c1_amide,6.5633937401863337,28-Jun-2010,27-Apr-10,5se5_631,test,train,train,train,train,train,train
632,O=C(Nc1ccn(C2CCCCC2)n1)c1nc(C2CC2)ccc1Nc1cncnc1,aminohetaryl_c1_amide,7.7155241469946791,05-Oct-2009,04-Sep-08,5sfk_632,test,train,train,train,train,train,val
633,COc1cnc(C)n2c(CCc3nc(N4CCCC4)nn3C)nnc12,c1_hetaryl_alkyl_c2_hetaryl,5.3780907119603534,08-Apr-2013,18-Jun-12,5sfw_633,val,val,,test,test,,train
634,Cn1nc(-c2ccc(C(F)(F)F)cn2)cc1NC(=O)c1c(C(=O)N2CCC2)cnn1C,aryl_c1_amide_c2_hetaryl,7.5859463249690537,26-Aug-2009,31-Mar-09,5sel_634,train,test,train,train,train,train,val
635,O=C(Nc1ccn(S(=O)(=O)C(F)(F)F)n1)c1nc(C2CC2)ccc1Nc1cncnc1,aminohetaryl_c1_amide,7.7392133313450238,19-Oct-2009,04-Sep-08,5sfk_635,test,train,train,train,train,train,val
636,Cn1nc(-c2ccccn2)cc1NC(=O)c1cc(Br)c[nH]c1=O,aryl_c1_amide_c2_hetaryl,6.5296380280439796,14-Sep-2009,31-Mar-09,5sel_636,train,test,train,train,train,train,train
637,CNC(=O)c1c(NC(=O)c2nc(C3CC3)ccc2Nc2cncnc2)cnn1CC1CC1,aminohetaryl_c1_amide,6.5922913524264956,11-Jan-2010,09-Mar-09,5sdy_637,test,train,train,train,train,train,train
638,O=C(Nc1ccc(F)cc1C(=O)N1CCC1)c1nc(C2CC2)cnc1Nc1cncnc1,aminohetaryl_c1_amide,8.344669441990659,28-Sep-2010,27-Apr-10,5se5_638,test,train,train,train,train,train,train
639,CN(CCO)C(=O)c1ccncc1NC(=O)c1nc(C2CC2)ccc1Nc1cncnc1,aminohetaryl_c1_amide,7.7239290068629662,28-Sep-2009,07-Apr-09,5sfu_639,test,train,train,train,train,train,train
640,COCCn1ccc(NC(=O)c2nc(C3CC3)ccc2Nc2cncnc2)n1,aminohetaryl_c1_amide,7.8497963712371919,05-Oct-2009,04-Sep-08,5sfk_640,test,train,train,train,train,train,train
641,O=C(N[C@@H](CO)Cc1ccccc1)c1nc(C2CC2)cnc1Nc1cncnc1,aminohetaryl_c1_amide,5.84501852797372556,07-Jun-2010,27-Apr-10,5sfl_641,test,train,train,train,train,train,train
642,O=C(Nc1ccnn1CC(F)F)c1nc(C2CC2)ccc1Nc1cncnc1,aminohetaryl_c1_amide,7.341626047239485,19-Oct-2009,27-Jul-09,5se0_642,test,train,train,train,train,train,train
643,CCCn1ccc(NC(=O)c2nc(C3CC3)ccc2Nc2cncnc2)n1,aminohetaryl_c1_amide,7.8531280969142614,05-Oct-2009,04-Sep-08,5sfk_643,test,train,train,train,train,train,train
644,Cn1cc(-c2ccccc2)nc1COc1nc2ccccc2nc1C(F)(F)F,c1_hetaryl_alkyl_c2_hetaryl,7.5817650182432357,03-Jan-2011,20-Dec-10,5sf9_644,train,train,train,test,train,test,train
645,CC(C)(O)CNC(=O)c1cc(F)ccc1NC(=O)c1nc(C2CC2)cnc1Nc1cncnc1,aminohetaryl_c1_amide,8.867100230055517,28-Sep-2010,27-Apr-10,5sfl_645,test,train,train,train,train,train,val
646,CC(C)(O)CNC(=O)c1cc(Cl)ncc1NC(=O)c1nc(C2CC2)cnc1Nc1cncnc1,aminohetaryl_c1_amide,8.792210616704151,02-Aug-2010,27-Apr-10,5sfl_646,test,train,train,train,train,train,train
647,CC(C)c1nc2cc(NC(=O)c3c(C(=O)N4CC(F)C4)cnn3C)ccn2n1,aryl_c1_amide_c2_hetaryl,7.3771541703996693,18-Oct-2010,04-Feb-10,5se7_647,train,test,train,train,train,train,test
648,Cc1ncc(C)n2nc(/C=C/c3nc(Br)cn3-c3ccccc3)nc12,c1_hetaryl_alkyl_c2_hetaryl,6.6942188487450176,12-Aug-2013,15-NOV-12,5sfy_648,val,val,,test,test,,test
649,CN(c1nc2cc(NC(=O)c3c(C(=O)O)cnn3C)ccn2n1)C1CC1,aryl_c1_amide_c2_hetaryl,7.3782987813237402,05-Sep-2011,21-Sep-10,5seh_649,train,test,val,val,train,test,train
650,CNC(=O)c1cc2[nH]c(-c3ccccc3)nc2cc1NC(=O)c1cc(C(C)(C)C)nn1C,aryl_c1_amide_c2_hetaryl,6.9401564824554188,19-Oct-2009,10-Sep-08,5sdw_650,train,test,train,train,train,train,train
651,O=C(NC1CCCCC1)c1ccncc1NC(=O)c1nc(C2CC2)ccc1Nc1cncnc1,aminohetaryl_c1_amide,8.698319050706423,19-Oct-2009,07-Apr-09,5sfu_651,test,train,train,train,train,train,train
652,CN(C)c1nc2ccc(NC(=O)c3c(C(=O)N4CCC4)cnn3C)cn2n1,aryl_c1_amide_c2_hetaryl,8.0575157083789124,02-May-2011,21-Sep-10,5seh_652,train,test,train,val,train,test,train
653,O=C(Nc1cc(C2CCCC2)n[nH]1)c1nc(C2CC2)ccc1Nc1cncnc1,aminohetaryl_c1_amide,6.42542822736206476,06-Aug-2009,28-May-09,5sea_653,test,train,train,train,train,train,train
654,CCn1nccc1NC(=O)c1ccc2cc(-c3ccccc3)nn2c1,aryl_c1_amide_c2_hetaryl,6.24018791796751776,19-Aug-2009,28-Jul-09,5sfp_654,train,test,train,train,train,train,train
655,Cn1nc(-c2ccccn2)cc1NC(=O)c1cccc2c1OCCO2,aryl_c1_amide_c2_hetaryl,5.0,06-Aug-2009,31-Mar-09,5sel_655,train,test,train,train,train,train,train
656,CNC(=O)c1cnn(C)c1C(=O)Nc1ccn2cc(-c3cccc(F)c3)nc2n1,aryl_c1_amide_c2_hetaryl,7.2101725996824473,23-May-2011,12-Apr-11,5sfe_656,train,test,train,val,train,test,val
657,Cn1ncc(NC(=O)c2nc(C3CC3)cnc2Nc2cncnc2)c1C(=O)NCC(C)(F)F,aminohetaryl_c1_amide,8.6497519816658373,03-May-2010,27-Apr-10,5sfl_657,test,train,train,train,train,train,test
658,Cc1ncc(Br)c2nc(CCc3nc(N4CCCC4)nn3C)nn12,c1_hetaryl_alkyl_c2_hetaryl,7.4647058799572295,03-Jun-2013,18-Jun-12,5sfw_658,val,val,,test,test,,train
659,COC(=O)c1cccnc1C(=O)Nc1ccn2nc(-c3ccccc3)nc2c1,aryl_c1_amide_c2_hetaryl,5.5659273053116291,15-Nov-2010,04-Feb-10,5se7_659,train,test,train,train,train,val,train
660,CCc1cc(CNC(=O)c2cnn(C)c2C(=O)Nc2ccn3cc(-c4ccccc4)nc3n2)on1,aryl_c1_amide_c2_hetaryl,6.33869381350990446,02-Aug-2010,03-May-10,5sfj_660,train,test,train,train,train,train,train
661,O=C(NC[C@@H]1[C@@H](c2ccccc2)C1(F)F)c1nc(C2CC2)cnc1Nc1cncnc1,aminohetaryl_c1_amide,6.020220882304126928,07-Jun-2010,27-Apr-10,5sfl_661,test,train,train,train,train,train,val
662,Cn1nc(-c2ccccn2)cc1NC(=O)c1ccn(CC(F)(F)F)n1,aryl_c1_amide_c2_hetaryl,5.0,06-Aug-2009,31-Mar-09,5sel_662,train,test,train,train,train,train,train
663,Cc1c(Cl)cc(Cl)c2nc(CCc3cn4ccccc4n3)nn12,c1_hetaryl_alkyl_c2_hetaryl,8.02662640974571,27-Aug-2012,01-Feb-12,5sej_663,val,val,test,test,val,,train
664,Cn1ncc(C(=O)N2CCC2)c1C(=O)Nc1cc(-c2ccccn2)n[nH]1,aryl_c1_amide_c2_hetaryl,8.0809742354126395,07-Sep-2009,31-Mar-09,5sf0_664,train,test,train,train,train,train,train
665,O=C(NCCCS(=O)(=O)c1ccccc1)c1nc(C2CC2)cnc1Nc1cncnc1,aminohetaryl_c1_amide,6.0849723504790264,28-Jun-2010,27-Apr-10,5sfl_665,test,train,train,train,train,train,train
666,CCOc1ccccc1C(=O)Nc1cc(-c2ccccn2)nn1C,aryl_c1_amide_c2_hetaryl,5.62288944413724656,30-Nov-2009,31-Mar-09,5sel_666,train,test,train,train,train,train,train
667,O=C(Nc1ccccc1C(=O)C1CCCCC1)c1nc(C2CC2)cnc1Nc1cncnc1,aminohetaryl_c1_amide,7.8960595149169786,09-Aug-2010,27-Apr-10,5se5_667,test,train,train,train,train,train,test
668,O=C(NCc1ccc(C(F)(F)F)cc1)c1nc(C2CC2)cnc1Nc1cncnc1,aminohetaryl_c1_amide,7.000499726051774,28-Jun-2010,27-Apr-10,5sfl_668,test,train,train,train,train,train,val
669,Cn1ncc(C(=O)N2CCC2)c1C(=O)Nc1ccn(Cc2cn(-c3ccc(Cl)c(Cl)c3)cn2)n1,aryl_c1_amide_c2_hetaryl,7.0947655584796883,06-Sep-2010,16-Aug-10,5sfq_669,train,test,train,train,train,train,train
670,O=C(Nc1nnc(-c2ccccc2)s1)c1nc(C2CC2)ccc1Nc1cncnc1,aminohetaryl_c1_amide,6.36156965134942365,24-Aug-2009,15-Jun-09,5sf4_670,test,train,train,train,train,train,test
671,COc1cnc(C)n2nc(CCc3nc(N4CCCC4)nn3C)nc12,c1_hetaryl_alkyl_c2_hetaryl,7.9659939453997126,15-Apr-2013,18-Jun-12,5sfw_671,val,val,,test,test,,train
672,Cc1ncc(C(C)C)c2nc(CCc3nc(N4CCCC4)nn3C)nn12,c1_hetaryl_alkyl_c2_hetaryl,8.154282423927969,22-Jul-2013,18-Jun-12,5sfw_672,val,val,,test,test,,test
673,Cn1ncc(NC(=O)c2nc(C3CC3)cnc2Nc2cncnc2)c1C(=O)N1CC(F)C1,aminohetaryl_c1_amide,7.8300787232309774,10-May-2010,27-Apr-10,5sfl_673,test,train,train,train,train,train,train
674,O=C(Nc1cc(F)cc(F)c1C(=O)N1CCC1)c1nc(C2CC2)cnc1Nc1cncnc1,aminohetaryl_c1_amide,7.4444340112705607,11-Oct-2010,27-Apr-10,5sfl_674,test,train,train,train,train,train,test
675,CNC(=O)c1cn(C)c(CCc2nc3c(C)ncc(C)n3n2)n1,c1_hetaryl_alkyl_c2_hetaryl,6.640773715598186,05-Dec-2011,08-Nov-11,5sep_675,train,train,val,test,train,test,val
676,O=C(Nc1cc(F)c(F)cc1C(=O)N1CCC1)c1nc(C2CC2)cnc1Nc1cncnc1,aminohetaryl_c1_amide,7.5507506217767384,01-Sep-2010,27-Apr-10,5se5_676,test,train,train,train,train,train,train
677,Cn1nc(C2CCCC2)cc1NC(=O)c1nc(C2CC2)ccc1Nc1cncnc1,aminohetaryl_c1_amide,6.35710093412524857,10-Aug-2009,15-Jun-09,5sf4_677,test,train,train,train,train,train,train
678,Cc1cn2nc(CCc3nc(N4CCCC4)nn3C)nc2cn1,c1_hetaryl_alkyl_c2_hetaryl,6.031982416066435995,21-May-2012,10-May-12,5seq_678,train,train,test,test,val,,val
679,O=C(Nc1ccc2cc(-c3ccccc3)nn2c1)c1ccno1,aryl_c1_amide_c2_hetaryl,5.6275366929970878,26-Oct-2009,28-Jul-09,5sfp_679,train,test,train,train,train,train,train
680,CN(CC(F)(F)F)C(=O)c1ncccc1NC(=O)c1nc(C2CC2)cnc1Nc1cncnc1,aminohetaryl_c1_amide,8.0939883747285872,26-Jul-2010,27-Apr-10,5sfl_680,test,train,train,train,train,train,train
681,CC(C)(O)CNC(=O)c1ccncc1NC(=O)c1nc(C2CC2)ccc1Nc1cncnc1,aminohetaryl_c1_amide,8.6827726508235794,28-Sep-2009,07-Apr-09,5sfu_681,test,train,train,train,train,train,val
682,O=C(NCc1cn(-c2ccccc2)cn1)c1nc(C2CC2)cnc1Nc1cncnc1,aminohetaryl_c1_amide,7.2743415077987792,07-Jun-2010,27-Apr-10,5sfl_682,test,train,train,train,train,train,val
683,CCCCN(C)C(=O)c1c(NC(=O)c2nc(C3CC3)cnc2Nc2cncnc2)cnn1C,aminohetaryl_c1_amide,7.734993394339413,28-Jun-2010,27-Apr-10,5sfl_683,test,train,train,train,train,train,train
684,Cc1ccc(C(=O)Nc2ccn3nc(-c4ccccc4)nc3c2)cn1,aryl_c1_amide_c2_hetaryl,5.3304744850124077,30-May-2011,09-Feb-11,5se3_684,train,test,,val,train,test,train
685,CN(C)C(=O)c1c(NC(=O)c2nc(C3CC3)cnc2Nc2cncnc2)ccc(F)c1F,aminohetaryl_c1_amide,7.6183074479418362,28-Sep-2010,27-Apr-10,5sfl_685,test,train,train,train,train,train,test
686,O=C(Nc1ccc(N2CCOCC2=O)cc1)c1nc(C2CC2)ccc1Nc1cncnc1,aminohetaryl_c1_amide,7.3675427078152755,05-Oct-2009,06-Mar-09,5sf2_686,test,train,train,train,train,train,train
687,Cc1nc2nc(CCc3nc(-c4ccccc4)cn3C)[nH]c(=O)c2n1C,c1_hetaryl_alkyl_c2_hetaryl,6.4792584563953129,23-May-2011,25-Jun-10,5se4_687,train,train,train,test,train,test,train
688,O=C(NC1CC1)c1ccncc1NC(=O)c1nc(C2CC2)ccc1Nc1cncnc1,aminohetaryl_c1_amide,8.6831912479469775,21-Sep-2009,07-Apr-09,5sfu_688,test,train,train,train,train,train,train
689,CN(C)C(=O)c1cc(F)ccc1NC(=O)c1nc(C2CC2)cnc1Nc1cncnc1,aminohetaryl_c1_amide,8.1071265931112344,01-Sep-2010,27-Apr-10,5se5_689,test,train,train,train,train,train,val
690,COc1cccc(NC(=O)c2nc(C3CC3)cnc2Nc2cncnc2)c1C(=O)N(C)C,aminohetaryl_c1_amide,7.9122185821904574,21-Jun-2010,27-Apr-10,5se5_690,test,train,train,train,train,train,test
691,Cc1ncc(C)n2nc(/C=C/c3nc(N4CCC[C@H]4CF)nn3C)nc12,c1_hetaryl_alkyl_c2_hetaryl,6.10376774558313738,15-Apr-2013,15-NOV-12,5sfy_691,val,val,,test,test,,train
692,CC(C)n1ccc(NC(=O)c2nc(C3CC3)ccc2Nc2cncnc2)n1,aminohetaryl_c1_amide,7.3203086991828537,05-Oct-2009,04-Sep-08,5sfk_692,test,train,train,train,train,train,train
693,CN(C)C(=O)Cc1cccc(NC(=O)c2nc(C3CC3)cnc2Nc2cncnc2)c1,aminohetaryl_c1_amide,7.012152430377012,30-May-2011,27-Apr-10,5se5_693,test,train,train,val,train,test,train
694,O=C(Nc1cccc(OCC(F)(F)F)c1)c1nc(C2CC2)cnc1Nc1cncnc1,aminohetaryl_c1_amide,7.7940111492475481,28-Feb-2011,27-Apr-10,5se5_694,test,train,train,val,train,test,val
695,O=C(Nc1ccn(C2CCC2)n1)c1nc(C2CC2)ccc1Nc1cncnc1,aminohetaryl_c1_amide,7.680311106750501,05-Oct-2009,04-Sep-08,5sfk_695,test,train,train,train,train,train,train
696,CCN(C)C(=O)c1ncccc1NC(=O)c1nc(C2CC2)cnc1Nc1cncnc1,aminohetaryl_c1_amide,8.226662315942541,10-Jun-2010,27-Apr-10,5se5_696,test,train,train,train,train,train,train
697,O=C(Nc1ccn(-c2ccc(F)cc2)n1)c1nc(C2CC2)ccc1Nc1cncnc1,aminohetaryl_c1_amide,7.630338940621702,05-Oct-2009,04-Sep-08,5sfk_697,test,train,train,train,train,train,train
698,O=C(Nc1ccn(CCF)n1)c1nc(C2CC2)ccc1Nc1cncnc1,aminohetaryl_c1_amide,8.0070490394295533,05-Oct-2009,04-Sep-08,5sfk_698,test,train,train,train,train,train,train
699,O=C(NCc1ccc2nccnc2c1)c1nc(C2CC2)cnc1Nc1cncnc1,aminohetaryl_c1_amide,6.8483880911523713,07-Jun-2010,27-Apr-10,5sfl_699,test,train,train,train,train,train,train
700,CN(C(=O)c1c(NC(=O)c2nc(C3CC3)cnc2Nc2cncnc2)cnn1C)C1CCOCC1,aminohetaryl_c1_amide,7.3794371506400038,05-Jul-2010,27-Apr-10,5sfl_700,test,train,train,train,train,train,train
701,COc1c(C)cnc(CCc2ccc3ccccc3n2)c1C,c1_hetaryl_alkyl_c2_hetaryl,5.83072743013151537,27-Sep-2010,24-Sep-10,5se2_701,train,train,train,test,train,train,train
702,CN(C)C(=O)c1c(F)cccc1NC(=O)c1nc(C2CC2)cnc1Nc1cncnc1,aminohetaryl_c1_amide,9.0371573187987573,06-Sep-2010,27-Apr-10,5se5_702,test,train,train,train,train,train,train
703,O=C(Nc1cccc(N2CCC(O)CC2)c1)c1nc(C2CC2)cnc1Nc1cncnc1,aminohetaryl_c1_amide,7.9029510349888692,18-Jul-2011,27-Apr-10,5se5_703,test,train,val,val,train,test,val
704,CNc1nc2cc(NC(=O)c3c(C(=O)N4CCC4)cnn3C)ccn2n1,aryl_c1_amide_c2_hetaryl,8.113452876608894,09-Jan-2012,21-Sep-10,5seh_704,train,test,test,val,train,,train
705,Cc1ncc(O)c2nc(CCc3nc(N4CCCC4)nn3C)nn12,c1_hetaryl_alkyl_c2_hetaryl,6.8513973451939064,03-Jun-2013,18-Jun-12,5sfw_705,val,val,,test,test,,train
706,CCN(CC)C(=O)c1c(NC(=O)c2nc(C3CC3)cnc2Nc2cncnc2)cnn1C,aminohetaryl_c1_amide,7.419725242731656,05-Jul-2010,27-Apr-10,5sfl_706,test,train,train,train,train,train,test
707,Cc1ccc(NC(=O)c2nc(C3CC3)cnc2Nc2cncnc2)c(C(=O)NCC(C)(C)O)n1,aminohetaryl_c1_amide,9.519993057042849,18-May-2010,27-Apr-10,5sfl_707,test,train,train,train,train,train,train
708,CC(C)(O)CNC(=O)c1cc(C#N)ccc1NC(=O)c1nc(C2CC2)cnc1Nc1cncnc1,aminohetaryl_c1_amide,9.1463226607418355,02-Aug-2010,27-Apr-10,5sfl_708,test,train,train,train,train,train,train
709,CCn1ncc(NC(=O)c2nc(C3CC3)cnc2Nc2cncnc2)c1C(=O)NCC(C)C,aminohetaryl_c1_amide,8.421934116163908,21-Jun-2010,27-Apr-10,5sfl_709,test,train,train,train,train,train,test
710,Cn1nc(-c2ccccn2)cc1NC(=O)c1cccn(C)c1=O,aryl_c1_amide_c2_hetaryl,5.3550478484035785,21-Sep-2009,31-Mar-09,5sel_710,train,test,train,train,train,train,train
711,Cn1nc(-c2ccccn2)cc1NC(=O)c1c(Nc2cncnc2)cc[nH]c1=O,aryl_c1_amide_c2_hetaryl,7.746392098412807,31-Aug-2009,31-Mar-09,5sel_711,train,test,train,train,train,train,train
712,CN(CCO)C(=O)c1ncccc1NC(=O)c1nc(C2CC2)cnc1Nc1cncnc1,aminohetaryl_c1_amide,7.8964699365716253,09-Aug-2010,27-Apr-10,5sfl_712,test,train,train,train,train,train,train
713,CNC(=O)c1cc2[nH]c(-c3ccccc3)nc2cc1NC(=O)c1cc(C)n(C(C)(C)C)n1,aryl_c1_amide_c2_hetaryl,7.1200444148772506,28-Sep-2009,10-Sep-08,5sdw_713,train,test,train,train,train,train,test
714,Cc1nccc2nc(CCc3nc(N4CCCC4)nn3C)nn12,c1_hetaryl_alkyl_c2_hetaryl,7.0772745420067398,01-Jul-2013,18-Jun-12,5sfw_714,val,val,,test,test,,test
715,O=C(Nc1ccn(C2CC2)n1)c1nc(C2CC2)ccc1Nc1cncnc1,aminohetaryl_c1_amide,7.5844590994871444,19-Oct-2009,04-Sep-08,5sfk_715,test,train,train,train,train,train,train
716,Cn1cc(-c2ccccc2)nc1COc1cnc(Br)c(C(=O)Nc2cncnc2)n1,c1_hetaryl_alkyl_c2_hetaryl,5.53202389886299123,23-Aug-2011,04-May-11,5sfa_716,train,train,val,test,train,test,train
717,CCN(C)c1nc2cc(NC(=O)c3c(C(=O)O)cnn3C)ccn2n1,aryl_c1_amide_c2_hetaryl,6.5458322526512658,20-Dec-2010,21-Sep-10,5seh_717,train,test,train,train,train,val,train
718,O=C(NCc1ccc2c(c1)CCO2)c1nc(C2CC2)cnc1Nc1cncnc1,aminohetaryl_c1_amide,6.8294801321940513,07-Jun-2010,27-Apr-10,5sfl_718,test,train,train,train,train,train,train
719,Cn1ncc(C(=O)N2CCOCC2)c1C(=O)Nc1cn(-c2cccc(C(F)(F)F)n2)cn1,aryl_c1_amide_c2_hetaryl,5.0525099117196972,31-Aug-2009,05-Jun-09,5sen_719,train,test,train,train,train,train,val
720,Cc1ncc(C)n2nc(/C=C/c3nc(C)n(-c4ccccc4)n3)nc12,c1_hetaryl_alkyl_c2_hetaryl,6.7502636954311667,08-Apr-2013,15-NOV-12,5sfy_720,val,val,,test,test,,train
721,CC(C)Oc1cccc(NC(=O)c2nc(C3CC3)cnc2Nc2cncnc2)c1,aminohetaryl_c1_amide,8.0238793817001843,28-Feb-2011,27-Apr-10,5se5_721,test,train,train,val,train,test,train
722,O=C(Nc1cncnc1C(=O)N1CCC1)c1nc(C2CC2)cnc1Nc1cncnc1,aminohetaryl_c1_amide,5.5760092536593451,21-Jun-2010,27-Apr-10,5sfl_722,test,train,train,train,train,train,train
723,CSc1ncc(Br)c(C(=O)Nc2cc(-c3ccccn3)nn2C)n1,aryl_c1_amide_c2_hetaryl,5.1196765226305889,28-Jul-2009,31-Mar-09,5sel_723,train,test,train,train,train,train,train
724,O=C(Nc1cccc(N2CCCCC2=O)c1)c1nc(C2CC2)cnc1Nc1cncnc1,aminohetaryl_c1_amide,7.3415306880221196,11-Apr-2011,27-Apr-10,5se5_724,test,train,train,val,train,test,test
725,Cc1cnc(C)n2nc(CCc3nc(NCCCCl)nn3C)nc12,c1_hetaryl_alkyl_c2_hetaryl,6.3632534094016311,23-Jul-2012,18-Jun-12,5sfw_725,val,val,test,test,val,,val
726,Cc1ccc(C)c(C(=O)Nc2cc(-c3ccccn3)nn2C)n1,aryl_c1_amide_c2_hetaryl,5.4758219237855325,14-Sep-2009,31-Mar-09,5sel_726,train,test,train,train,train,train,train
727,O=C(NCc1cnn(-c2ccccc2)n1)c1nc(C2CC2)cnc1Nc1cncnc1,aminohetaryl_c1_amide,7.2310512710550106,14-Jun-2010,27-Apr-10,5sfl_727,test,train,train,train,train,train,train
728,O=C(NCCN1CCOCC1=O)c1nc(C2CC2)cnc1Nc1cncnc1,aminohetaryl_c1_amide,5.5914690191930188,14-Jun-2010,27-Apr-10,5sfl_728,test,train,train,train,train,train,test
729,CCc1ccc(NC(=O)c2nc(C3CC3)cnc2Nc2cncnc2)c(C(=O)NC)n1,aminohetaryl_c1_amide,8.263046046216854,17-May-2010,27-Apr-10,5sfl_729,test,train,train,train,train,train,test
730,O=C(Nc1ccnc(C(=O)N2CCCCC2)c1)c1nc(C2CC2)cnc1Nc1cncnc1,aminohetaryl_c1_amide,7.1762715286742045,07-Mar-2011,27-Apr-10,5sfl_730,test,train,train,val,train,test,train
731,Cc1cc(C(=O)Nc2cc3[nH]c(-c4ccccc4)nc3cc2C(F)(F)F)n(C)n1,aryl_c1_amide_c2_hetaryl,5.0,07-Sep-2009,10-Sep-08,5sdw_731,train,test,train,train,train,train,test
732,O=C(Nc1cccnc1C(=O)N1CCC1)c1nc(C2CC2)cnc1Nc1cncnc1,aminohetaryl_c1_amide,8.256020134758157,07-Jun-2010,27-Apr-10,5se5_732,test,train,train,train,train,train,val
733,O=C(Nc1ccc(N2CCCC2=O)cc1)c1nc(C2CC2)ccc1Nc1cncnc1,aminohetaryl_c1_amide,7.7490435606681063,05-Oct-2009,06-Mar-09,5sf2_733,test,train,train,train,train,train,train
734,O=C(Nc1cccc(S(=O)(=O)CCO)c1)c1nc(C2CC2)cnc1Nc1cncnc1,aminohetaryl_c1_amide,8.0694075115574013,03-May-2011,27-Apr-10,5se5_734,test,train,train,val,train,test,train
735,CN1CC(NC(=O)c2c(NC(=O)c3nc(C4CC4)cnc3Nc3cncnc3)cnn2C)C1,aminohetaryl_c1_amide,7.9534268023379944,28-Sep-2010,27-Apr-10,5se5_735,test,train,train,train,train,train,train
736,CN(C)CCNC(=O)c1c(NC(=O)c2nc(C3CC3)cnc2Nc2cncnc2)cnn1C,aminohetaryl_c1_amide,7.2894933835290479,29-Sep-2010,27-Apr-10,5sfl_736,test,train,train,train,train,train,train
737,O=C(Nc1cc(-c2ccccn2)no1)c1nc(C2CC2)ccc1Nc1cncnc1,aminohetaryl_c1_amide,8.4150817767775687,31-Aug-2009,06-Mar-09,5set_737,test,train,train,train,train,train,test
738,Cc1ccc(NC(=O)c2nc(C3CC3)cnc2Nc2cncnc2)c(C(=O)N(C)C)n1,aminohetaryl_c1_amide,7.8952406233296193,02-Aug-2010,27-Apr-10,5se5_738,test,train,train,train,train,train,test
739,CNC(=O)c1c(NC(=O)c2nc(C3CC3)cnc2Nc2cccnc2)cnn1C,aminohetaryl_c1_amide,7.947729403343251,21-Jun-2010,27-Apr-10,5se5_739,test,train,train,train,train,train,train
740,Cn1ncc(NC(=O)c2nc(C3CC3)cnc2Nc2cncnc2)c1C(=O)N1CCCO1,aminohetaryl_c1_amide,9.1275251016164973,15-Nov-2010,27-Apr-10,5sfl_740,test,train,train,train,train,val,test
741,CN1CCN(c2cccc(NC(=O)c3nc(C4CC4)cnc3Nc3cncnc3)c2)CC1.O=CO,aminohetaryl_c1_amide,7.149108815864076,11-Apr-2011,27-Apr-10,5se5_741,test,train,train,val,train,test,val
742,CNC(=O)c1c(NC(=O)c2nc(C3CC3)cnc2Nc2cncnc2)ccc(F)c1F,aminohetaryl_c1_amide,8.5678327305574116,28-Sep-2010,27-Apr-10,5sfl_742,test,train,train,train,train,train,train
743,O=C(Nc1sccc1C(=O)N1CCOCC1)c1nc(C2CC2)ccc1Nc1cncnc1,aminohetaryl_c1_amide,9.3615107430453626,26-Oct-2009,09-Mar-09,5sdy_743,test,train,train,train,train,train,val
744,CCn1nc(NC(=O)c2c(C(=O)N3CCC3)cnn2C)cc1-c1cccc(Cl)c1,aryl_c1_amide_c2_hetaryl,5.7882882486184817,28-Sep-2010,16-Aug-10,5sfq_744,train,test,train,train,train,train,test
745,COc1nc2cc(NC(=O)c3c(C(=O)N4CCC4)cnn3C)ccn2n1,aryl_c1_amide_c2_hetaryl,5.1837726241766514,14-Nov-2011,21-Sep-10,5seh_745,train,test,val,val,train,test,train
746,O=C(NCCS(=O)(=O)c1ccccc1)c1nc(C2CC2)cnc1Nc1cncnc1,aminohetaryl_c1_amide,5.4621530857944015,14-Jun-2010,27-Apr-10,5sfl_746,test,train,train,train,train,train,train
747,CN(C)C(=O)c1cc(F)c(F)cc1NC(=O)c1nc(C2CC2)cnc1Nc1cncnc1,aminohetaryl_c1_amide,7.552268458364025,24-Aug-2010,27-Apr-10,5se5_747,test,train,train,train,train,train,test
748,CN(C)C(=O)c1cc(NC(=O)c2nc(C3CC3)ccc2Nc2cncnc2)[nH]n1,aminohetaryl_c1_amide,5.938349268516046615,19-Oct-2009,28-May-09,5sea_748,test,train,train,train,train,train,train
749,O=C(N[C@@H]1C[C@H]1c1ccccc1)c1nc(C2CC2)cnc1Nc1cncnc1,aminohetaryl_c1_amide,6.1478269267619772,14-Jun-2010,27-Apr-10,5sfl_749,test,train,train,train,train,train,train
750,CNC(=O)c1c(NC(=O)c2nc(C3CC3)cnc2Nc2cncnc2)cnn1CC(F)(F)F,aminohetaryl_c1_amide,7.5705456582799964,10-May-2010,27-Apr-10,5se5_750,test,train,train,train,train,train,test
751,CCN(C)C(=O)c1ncncc1NC(=O)c1nc(C2CC2)cnc1Nc1cncnc1,aminohetaryl_c1_amide,7.2794933999086795,14-Jun-2010,27-Apr-10,5sfl_751,test,train,train,train,train,train,test
752,O=C(Nc1cc(-c2ccccc2)no1)c1ccc2cc(-c3ccccc3)nn2c1,aryl_c1_amide_c2_hetaryl,5.3471418220120276,14-Sep-2009,28-Jul-09,5sfp_752,train,test,train,train,train,train,val
753,CCN(c1nc(CCc2nc3c(C)ncc(C)n3n2)n(C)n1)C1CC1,c1_hetaryl_alkyl_c2_hetaryl,6.7305267511778275,12-Jun-2012,09-Feb-12,5sfh_753,train,train,test,test,val,,test
754,Cn1ncc(NC(=O)c2nc(C3CC3)cnc2Nc2cncnc2)c1C(=O)NC[C@H]1CCCO1,aminohetaryl_c1_amide,8.4849213249240774,26-Jul-2010,27-Apr-10,5sfl_754,test,train,train,train,train,train,test
755,O=C(Nc1cc(F)ccc1C(=O)N1CCC1)c1nc(C2CC2)cnc1Nc1cncnc1,aminohetaryl_c1_amide,8.995678626217357,28-Sep-2010,27-Apr-10,5sfl_755,test,train,train,train,train,train,test
756,CC(C)(O)CNC(=O)c1c(F)cc(F)cc1NC(=O)c1nc(C2CC2)cnc1Nc1cncnc1,aminohetaryl_c1_amide,8.9413852390944513,11-Oct-2010,27-Apr-10,5sfl_756,test,train,train,train,train,train,val
757,Cn1cc2c(n1)CN(C(=O)c1cnn(C)c1C(=O)Nc1ccn3cc(-c4ccccc4)nc3n1)C2,aryl_c1_amide_c2_hetaryl,6.016257826280362736,17-Aug-2010,20-Jul-10,5sf3_757,train,test,train,train,train,train,test
758,CNC(=O)c1c(NC(=O)c2nc(C3CC3)cnc2Nc2cncnc2)cnn1CCO,aminohetaryl_c1_amide,8.4933596944334973,02-Aug-2010,27-Apr-10,5se5_758,test,train,train,train,train,train,val
759,Cn1ncc(C(=O)NCc2nc(C#N)cs2)c1C(=O)Nc1ccn2cc(-c3ccccc3)nc2n1,aryl_c1_amide_c2_hetaryl,6.5413742358585071,02-Aug-2010,20-Jul-10,5sf3_759,train,test,train,train,train,train,test
760,Cc1c(Cl)cc(Cl)c2nc(CCc3cn4c(n3)SCC4)nn12,c1_hetaryl_alkyl_c2_hetaryl,7.5752653299751043,27-Aug-2012,01-Feb-12,5sej_760,val,val,test,test,val,,test
761,CCOC(=O)c1cnn(C)c1C(=O)Nc1ccn2nc(C(C)C)nc2c1,aryl_c1_amide_c2_hetaryl,5.83772302783927105,11-Oct-2010,04-Feb-10,5se7_761,train,test,train,train,train,train,train
762,Cc1cn2nc(OCc3cccc(N4CCCC4)n3)ccc2n1,c1_hetaryl_alkyl_c2_hetaryl,6.585459491770991,14-Nov-2011,11-Jul-11,5se9_762,train,train,val,test,train,test,train
763,O=C(Nc1ccn(-c2ccncc2)n1)c1nc(C2CC2)ccc1Nc1cncnc1,aminohetaryl_c1_amide,8.0131834954144634,11-Jan-2010,04-Sep-08,5sfk_763,test,train,train,train,train,train,test
764,Cc1c(Cl)cc(C(F)(F)F)c2nc(/C=C/c3nc(Br)nn3C)nn12,c1_hetaryl_alkyl_c2_hetaryl,6.9387775467791638,27-Aug-2012,01-Feb-12,5sei_764,val,val,test,test,val,,train
765,CCOc1cc(NC(=O)c2nc(C3CC3)cnc2Nc2cncnc2)ccn1,aminohetaryl_c1_amide,7.2793776960364343,07-Mar-2011,27-Apr-10,5sfl_765,test,train,train,val,train,test,train
766,CNC(=O)c1cc(C(C)C)ccc1NC(=O)c1nc(C2CC2)cnc1Nc1cncnc1,aminohetaryl_c1_amide,8.9398137351003015,21-Jun-2010,27-Apr-10,5se5_766,test,train,train,train,train,train,train
767,CNC(=O)c1nc(COC)ccc1NC(=O)c1nc(C2CC2)cnc1Nc1cncnc1,aminohetaryl_c1_amide,8.4279420100736955,21-Jun-2010,27-Apr-10,5sfl_767,test,train,train,train,train,train,train
768,CN(C)c1nc2cc(NC(=O)c3c(C(=O)O)cnn3C)ccn2n1,aryl_c1_amide_c2_hetaryl,6.010189458387086448,01-Nov-2010,21-Sep-10,5seh_768,train,test,train,train,train,val,test
769,Cc1nc2ccc(Cl)cc2nc1OCc1nc(-c2ccccc2)cn1C,c1_hetaryl_alkyl_c2_hetaryl,8.1951793212788377,07-Feb-2011,20-Dec-10,5sf9_769,train,train,train,test,train,test,train
770,CC1(NC(=O)c2ncccc2NC(=O)c2nc(C3CC3)cnc2Nc2cncnc2)COC1,aminohetaryl_c1_amide,9.421360790031927,24-Aug-2010,27-Apr-10,5sfl_770,test,train,train,train,train,train,val
771,CCN(CC)c1nc(CCc2nc3c(C)ncc(C)n3n2)n(C)n1,c1_hetaryl_alkyl_c2_hetaryl,7.2960726957796098,12-Jun-2012,09-Feb-12,5sfh_771,train,train,test,test,val,,train
772,Cc1ncn(C)c1C(=O)Nc1cc(-c2ccccn2)nn1C,aryl_c1_amide_c2_hetaryl,5.0,26-Aug-2009,31-Mar-09,5sel_772,train,test,train,train,train,train,val
773,CCN(CCO)C(=O)c1c(NC(=O)c2nc(C3CC3)cnc2Nc2cncnc2)cnn1C,aminohetaryl_c1_amide,6.9285009294884302,05-Jul-2010,27-Apr-10,5sfl_773,test,train,train,train,train,train,val
774,Cn1nc(-c2ccccn2)cc1NC(=O)c1c(I)cc[nH]c1=O,aryl_c1_amide_c2_hetaryl,5.5522117684876636,06-Aug-2009,31-Mar-09,5sel_774,train,test,train,train,train,train,val
775,CN(C)C(=O)Cc1csc(NC(=O)c2nc(C3CC3)cnc2Nc2cncnc2)n1,aminohetaryl_c1_amide,7.8794921316347561,09-May-2011,27-Apr-10,5sfl_775,test,train,train,val,train,test,train
776,COc1ncc(C2CC2)nc1C(=O)Nc1cc(-c2ccccn2)nn1C,aryl_c1_amide_c2_hetaryl,5.77542472860629086,07-Feb-2011,31-Mar-09,5sel_776,train,test,train,,train,test,val
777,O=C(Nc1cccc(N2CCS(=O)(=O)CC2)c1)c1nc(C2CC2)cnc1Nc1cncnc1,aminohetaryl_c1_amide,7.6611253506986183,20-Jul-2011,27-Apr-10,5se5_777,test,train,val,val,train,test,val
778,O=C(Nc1ccn2nc(-c3ccccc3)nc2c1)c1ccc(Cl)cn1,aryl_c1_amide_c2_hetaryl,5.0,27-Jun-2011,04-Feb-10,5se7_778,train,test,val,val,train,test,test
779,O=C(NCCN1CCCC1=O)c1nc(C2CC2)cnc1Nc1cncnc1,aminohetaryl_c1_amide,5.6845964953656491,28-Jun-2010,27-Apr-10,5sfl_779,test,train,train,train,train,train,test
780,Clc1ccc2nc(CCc3nc4ccc(Cl)cn4n3)nn2c1,c1_hetaryl_alkyl_c2_hetaryl,7.1114610837412693,21-May-2012,01-Feb-12,5sej_780,train,train,test,test,val,,train
781,CN(CCF)C(=O)c1c(NC(=O)c2nc(C3CC3)cnc2Nc2cncnc2)cnn1C,aminohetaryl_c1_amide,7.4447120371121835,19-Jul-2010,27-Apr-10,5sfl_781,test,train,train,train,train,train,train
782,Cc1ncc(C)n2nc(/C=C/c3nc(N4CCC[C@@H]4C(F)(F)F)nn3C)nc12,c1_hetaryl_alkyl_c2_hetaryl,8.4678828837511957,03-Dec-2012,15-NOV-12,5sfy_782,val,val,test,test,val,,train
783,O=C(NCc1cc(F)cc(F)c1)c1nc(C2CC2)cnc1Nc1cncnc1,aminohetaryl_c1_amide,5.976040483812560603,07-Jun-2010,27-Apr-10,5sfl_783,test,train,train,train,train,train,train
784,CN(CCO)C(=O)c1c(NC(=O)c2nc(C3CC3)cnc2Nc2cncnc2)cnn1C,aminohetaryl_c1_amide,7.2654961993796336,28-Jun-2010,27-Apr-10,5sfl_784,test,train,train,train,train,train,train
785,Cc1c(Cl)cc(Cl)c2nc(CCc3cn4cccnc4n3)nn12,c1_hetaryl_alkyl_c2_hetaryl,6.442611914577012,27-Aug-2012,01-Feb-12,5sej_785,val,val,test,test,val,,val
786,CN(CC(F)(F)F)C(=O)c1c(NC(=O)c2nc(C3CC3)cnc2Nc2cncnc2)cnn1C,aminohetaryl_c1_amide,7.02963917449237,12-Jul-2010,27-Apr-10,5sfl_786,test,train,train,train,train,train,val
787,CN(C)C(=O)Cn1cc(NC(=O)c2nc(C3CC3)cnc2Nc2cncnc2)cn1,aminohetaryl_c1_amide,6.1728686200200768,27-Jun-2011,27-Apr-10,5se5_787,test,train,val,val,train,test,val
788,O=C1NCc2ccc(NC(=O)c3nc(C4CC4)ccc3Nc3cncnc3)cc21,aminohetaryl_c1_amide,7.710054483823332,14-Sep-2009,06-Mar-09,5sf2_788,test,train,train,train,train,train,train
789,CN(C)C(=O)c1ccc(F)cc1NC(=O)c1nc(C2CC2)cnc1Nc1cncnc1,aminohetaryl_c1_amide,7.7137906139339911,01-Sep-2010,27-Apr-10,5se5_789,test,train,train,train,train,train,train
790,COCc1ccc(Nc2cncnc2)c(C(=O)Nc2cccc(-c3ccn(C)n3)c2)n1,aminohetaryl_c1_amide,8.273843533827245,09-Nov-2009,06-Mar-09,5sf2_790,test,train,train,train,train,train,train
791,Cc1c(Cl)cc(Cl)c2nc(CCc3nc4ncccn4n3)nn12,c1_hetaryl_alkyl_c2_hetaryl,6.03772539537668526,18-Jun-2012,01-Feb-12,5sej_791,train,train,test,test,val,,train
792,CNC(=O)c1c(NC(=O)c2nc(N3CCN(C)CC3)cnc2Nc2cncnc2)cnn1C,aminohetaryl_c1_amide,6.1606728191680447,15-Nov-2010,27-Apr-10,5se5_792,test,train,train,train,train,val,train
793,O=C(Nc1cccc(N2CCCC2)c1)c1nc(C2CC2)cnc1Nc1cncnc1,aminohetaryl_c1_amide,6.877482678500375,18-Apr-2011,27-Apr-10,5sfl_793,test,train,train,val,train,test,train
794,CC(C)c1cc(C(=O)N2CCOCC2)c(NC(=O)c2nc(C3CC3)ccc2Nc2cncnc2)s1,aminohetaryl_c1_amide,7.5614260097813661,09-Nov-2009,06-Mar-09,5sf2_794,test,train,train,train,train,train,train
795,O=C(NCCCN1CCCC1=O)c1nc(C2CC2)cnc1Nc1cncnc1,aminohetaryl_c1_amide,5.954894222759206816,07-Jun-2010,27-Apr-10,5sfl_795,test,train,train,train,train,train,train
796,O=C(NC1COC1)c1ncccc1NC(=O)c1nc(C2CC2)cnc1Nc1cncnc1,aminohetaryl_c1_amide,8.575118363368933,24-Aug-2010,27-Apr-10,5sfl_796,test,train,train,train,train,train,train
797,O=C(Nc1nnc(-c2ccccn2)o1)c1nc(C2CC2)ccc1Nc1cncnc1,aminohetaryl_c1_amide,5.5879095367594561,16-Nov-2009,27-Jul-09,5se0_797,test,train,train,train,train,train,train
798,Cc1ncc(NC(=O)c2nc(C3CC3)cnc2Nc2cncnc2)c(C(=O)NCC(C)(C)O)n1,aminohetaryl_c1_amide,9.1931419704811823,24-Aug-2010,27-Apr-10,5sfl_798,test,train,train,train,train,train,train
799,O=C(NCc1ccc(F)c(F)c1)c1nc(C2CC2)cnc1Nc1cncnc1,aminohetaryl_c1_amide,6.42408278354129547,17-May-2010,27-Apr-10,5se5_799,test,train,train,train,train,train,train
800,CS(=O)(=O)c1ccc(CNC(=O)c2nc(C3CC3)cnc2Nc2cncnc2)cc1,aminohetaryl_c1_amide,6.25599664308472553,28-Jun-2010,27-Apr-10,5sfl_800,test,train,train,train,train,train,train
801,CNC(=O)c1c(NC(=O)c2nc(C(C)(C)O)cnc2Nc2cncnc2)cnn1C,aminohetaryl_c1_amide,7.5532723286481107,17-Jan-2011,27-Apr-10,5se5_801,test,train,train,train,train,test,train
802,Cn1ncc(C(=O)N2CCC2)c1C(=O)Nc1cn(-c2cccc(C(F)(F)F)n2)cn1,aryl_c1_amide_c2_hetaryl,5.4956094792209218,31-Aug-2009,05-Jun-09,5sen_802,train,test,train,train,train,train,train
803,CC(C)(CO)NC(=O)c1ncccc1NC(=O)c1nc(C2CC2)cnc1Nc1cncnc1,aminohetaryl_c1_amide,9.5045443401302894,09-Aug-2010,27-Apr-10,5sfl_803,test,train,train,train,train,train,val
804,O=C(NCC1(c2ccccc2)CCCCC1)c1nc(C2CC2)cnc1Nc1cncnc1,aminohetaryl_c1_amide,6.1375865402128833,07-Jun-2010,27-Apr-10,5se5_804,test,train,train,train,train,train,train
805,C/C(=C\c1nc2c(C)ncc(C)n2n1)c1nc(N2CCCC2)nn1C,c1_hetaryl_alkyl_c2_hetaryl,7.2100134673607197,04-Feb-2013,15-NOV-12,5sfy_805,val,val,,test,test,,train
806,O=C(NCCO)c1ccncc1NC(=O)c1nc(C2CC2)ccc1Nc1cncnc1,aminohetaryl_c1_amide,8.482936126517345,28-Sep-2009,07-Apr-09,5sfu_806,test,train,train,train,train,train,test
807,CNC(=O)c1c(NC(=O)c2nc(C3CC3)cnc2Nc2cncnc2)ccc(C)c1C,aminohetaryl_c1_amide,7.2652161668192619,17-Aug-2010,27-Apr-10,5se5_807,test,train,train,train,train,train,val
808,CNC(=O)c1cc(Cl)ncc1NC(=O)c1nc(C2CC2)cnc1Nc1cncnc1,aminohetaryl_c1_amide,8.7506971131630467,02-Aug-2010,27-Apr-10,5sfl_808,test,train,train,train,train,train,train
809,CNC(=O)Cc1ccccc1NC(=O)c1nc(C2CC2)ccc1Nc1cncnc1,aminohetaryl_c1_amide,7.272588888157285,19-Aug-2009,06-Mar-09,5sf2_809,test,train,train,train,train,train,val
810,Cc1nc2ccccc2nc1OCc1nc(-c2ccc(Cl)cc2)cn1C,c1_hetaryl_alkyl_c2_hetaryl,6.7458532929680639,07-Feb-2011,20-Dec-10,5sf9_810,train,train,train,test,train,test,train
811,O=C(Nc1nc2cccnc2s1)c1nc(C2CC2)ccc1Nc1cncnc1,aminohetaryl_c1_amide,7.6983407334484786,21-Sep-2009,04-Sep-08,5sfk_811,test,train,train,train,train,train,train
812,O=C(Nc1cccc(N2CCOCC2)c1)c1nc(C2CC2)cnc1Nc1cncnc1,aminohetaryl_c1_amide,7.9033332600246176,11-Apr-2011,27-Apr-10,5se5_812,test,train,train,val,train,test,val
813,Cc1ncc(C(=O)Nc2ccn3nc(-c4ccccc4)nc3c2)cn1,aryl_c1_amide_c2_hetaryl,5.0,27-Jun-2011,09-Feb-11,5se3_813,train,test,val,val,train,test,train
814,CCCCc1cc(NC(=O)c2c(C(=O)N3CCC3)cnn2C)n(C2CCCC2)n1,aryl_c1_amide_c2_hetaryl,6.208041419925734,25-Oct-2010,31-Mar-09,5sel_814,train,test,train,train,train,val,train
815,O=C(Nc1ccnc(N2CCOCC2)c1)c1nc(C2CC2)cnc1Nc1cncnc1,aminohetaryl_c1_amide,8.0676784680107065,11-Apr-2011,27-Apr-10,5sfl_815,test,train,train,val,train,test,train
816,CC(C)Oc1cncc(NC(=O)c2nc(C3CC3)cnc2Nc2cncnc2)c1,aminohetaryl_c1_amide,7.2038699010509384,28-Mar-2011,27-Apr-10,5sfl_816,test,train,train,val,train,test,val
817,NS(=O)(=O)c1ccc(CNC(=O)c2nc(C3CC3)cnc2Nc2cncnc2)cc1,aminohetaryl_c1_amide,6.4099610927965555,10-Jun-2010,27-Apr-10,5sfl_817,test,train,train,train,train,train,test
818,O=C(Nc1snnc1-c1ccccc1)c1nc(C2CC2)ccc1Nc1cncnc1,aminohetaryl_c1_amide,8.120502712750571,24-Aug-2009,15-Jun-09,5sf4_818,test,train,train,train,train,train,val
819,CCn1ccc(NC(=O)c2nc(C3CC3)ccc2Nc2cncnc2)n1,aminohetaryl_c1_amide,7.1454996321228976,05-Oct-2009,04-Sep-08,5sfk_819,test,train,train,train,train,train,train
820,COc1ccc(-c2nc3cc(NC(=O)c4c(C(=O)N5CCC5)cnn4C)ccn3n2)cc1,aryl_c1_amide_c2_hetaryl,8.1023147275852376,10-Oct-2011,04-Feb-10,5se7_820,train,test,val,val,train,test,train
821,CC(=O)N(C)c1cccc(NC(=O)c2nc(C3CC3)cnc2Nc2cncnc2)c1,aminohetaryl_c1_amide,6.8671716443879064,21-Mar-2011,27-Apr-10,5sfl_821,test,train,train,val,train,test,train
822,CNC(=O)c1ccncc1NC(=O)c1nc(C2CC2)ccc1Nc1cncnc1,aminohetaryl_c1_amide,7.8635965518660096,26-Aug-2009,07-Apr-09,5sfu_822,test,train,train,train,train,train,train
823,O=C(NC1CCN(Cc2ccccc2)CC1)c1nc(C2CC2)cnc1Nc1cncnc1,aminohetaryl_c1_amide,5.2969085293439596,07-Jun-2010,27-Apr-10,5se5_823,test,train,train,train,train,train,train
824,CCn1ncc(NC(=O)c2nc(C3CC3)cnc2Nc2cncnc2)c1C(=O)N(C)C,aminohetaryl_c1_amide,7.6512668962017143,03-May-2010,27-Apr-10,5se5_824,test,train,train,train,train,train,train
825,CCOC(=O)c1cnn(C)c1C(=O)N(C)c1ccn2nc(-c3ccccc3)nc2c1,aryl_c1_amide_c2_hetaryl,5.0,29-Nov-2010,04-Feb-10,5se7_825,train,test,train,train,train,val,test
826,Cc1ncc(C)n2nc(CCc3nc(N4CC(F)C4)nn3C)nc12,c1_hetaryl_alkyl_c2_hetaryl,7.2551752340333129,05-Mar-2012,09-Feb-12,5sfh_826,train,train,test,test,train,,train
827,CC(=O)N1CCc2ccc(NC(=O)c3nc(C4CC4)cnc3Nc3cncnc3)cc21,aminohetaryl_c1_amide,8.232695682546727,15-Mar-2011,27-Apr-10,5sfl_827,test,train,train,val,train,test,train
828,CN(C)CCn1ccc(NC(=O)c2nc(C3CC3)cnc2Nc2cncnc2)n1,aminohetaryl_c1_amide,7.5354955490989657,30-May-2011,27-Apr-10,5se5_828,test,train,val,val,train,test,train
829,CC(C)CNC(=O)c1c(NC(=O)c2nc(C3CC3)cnc2Nc2cncnc2)cnn1C,aminohetaryl_c1_amide,8.3524214457875448,03-May-2010,27-Apr-10,5sfl_829,test,train,train,train,train,train,test
830,O=C(Nc1cccc(C(=O)N2CCCC2)n1)c1nc(C2CC2)cnc1Nc1cncnc1,aminohetaryl_c1_amide,7.986572872929304,09-May-2011,27-Apr-10,5se5_830,test,train,train,val,train,test,train
831,O=C(Nc1cccc(N2CCCC2=O)c1)c1nc(C2CC2)ccc1Nc1cncnc1,aminohetaryl_c1_amide,7.6298201144872402,05-Oct-2009,06-Mar-09,5sf2_831,test,train,train,train,train,train,val
832,O=C(Nc1nc(CN2CCCCC2)cs1)c1nc(C2CC2)cnc1Nc1cncnc1,aminohetaryl_c1_amide,7.493765640387874,03-May-2011,27-Apr-10,5sfl_832,test,train,train,val,train,test,test
833,Cn1ncc(C(=O)N2CCC2)c1C(=O)Nc1cn(-c2ccccn2)cn1,aryl_c1_amide_c2_hetaryl,7.3419504252863466,06-Aug-2009,05-Jun-09,5sen_833,train,test,train,train,train,train,train
834,CCNC(=O)c1c(NC(=O)c2nc(C3CC3)cnc2Nc2cncnc2)cnn1CC,aminohetaryl_c1_amide,7.938057707971913,21-Jun-2010,27-Apr-10,5sfl_834,test,train,train,train,train,train,test
835,CNC(=O)c1cc(C#N)ccc1NC(=O)c1nc(C2CC2)cnc1Nc1cncnc1,aminohetaryl_c1_amide,8.455807889234967,02-Aug-2010,27-Apr-10,5sfl_835,test,train,train,train,train,train,test
836,Cc1ncc(C)n2nc(CCc3nc(-n4cccn4)nn3C)nc12,c1_hetaryl_alkyl_c2_hetaryl,6.7707820063188031,26-Aug-2013,09-Feb-12,5sfh_836,val,val,,test,test,,train
837,O=C(NCc1cccc(F)c1)c1nc(C2CC2)cnc1Nc1cncnc1,aminohetaryl_c1_amide,6.30187682639591207,07-Jun-2010,27-Apr-10,5sfl_837,test,train,train,train,train,train,train
838,O=C(NCc1cn2ccsc2n1)c1nc(C2CC2)cnc1Nc1cncnc1,aminohetaryl_c1_amide,7.4256561527604363,28-Jun-2010,27-Apr-10,5sfl_838,test,train,train,train,train,train,test
839,O=C(NCCNS(=O)(=O)c1ccccc1)c1nc(C2CC2)cnc1Nc1cncnc1,aminohetaryl_c1_amide,6.3936882184984828,10-Jun-2010,27-Apr-10,5sfl_839,test,train,train,train,train,train,train
840,CSc1nc2cc(NC(=O)c3c(C(=O)N4CCC4)cnn3C)ccc2s1,aryl_c1_amide_c2_hetaryl,6.47976414467948136,15-Feb-2010,04-Feb-10,5sfx_840,train,test,train,train,train,train,val
841,Cc1ncc(C)n2nc(CCc3nc(N(C)CC4CC4)nn3C)nc12,c1_hetaryl_alkyl_c2_hetaryl,6.9303319030884043,03-Jun-2013,09-Feb-12,5sfh_841,val,val,,test,test,,train
842,CC(C)N(C)C(=O)c1c(NC(=O)c2nc(C3CC3)cnc2Nc2cncnc2)cnn1C,aminohetaryl_c1_amide,7.193331719345002,28-Jun-2010,27-Apr-10,5sfl_842,test,train,train,train,train,train,train
843,Cc1ccc(Nc2cncnc2)c(C(=O)Nc2ccn(-c3ccncc3)n2)n1,aminohetaryl_c1_amide,7.3161427945996533,11-Jan-2010,04-Sep-08,5sfk_843,test,train,train,train,train,train,test
844,CN1CCC(NC(=O)c2c(NC(=O)c3nc(C4CC4)cnc3Nc3cncnc3)cnn2C)CC1.O=CO,aminohetaryl_c1_amide,7.1594610819981652,12-Jul-2010,27-Apr-10,5sfl_844,test,train,train,train,train,train,train
845,CNC(=O)c1c(NC(=O)c2nc(OCC(F)(F)F)cnc2Nc2cncnc2)cnn1C,aminohetaryl_c1_amide,7.307109036862694,22-Nov-2010,27-Apr-10,5se5_845,test,train,train,train,train,val,train
846,Cn1ncc(C(=O)N2CCC2)c1C(=O)Nc1ccn2nc(Br)nc2c1,aryl_c1_amide_c2_hetaryl,7.1710759987145407,15-Nov-2010,21-Sep-10,5seh_846,train,test,train,train,train,val,val
847,COCCN(C)c1nc(CCc2nc3c(C)ncc(C)n3n2)nn1C,c1_hetaryl_alkyl_c2_hetaryl,5.7489692432604649,25-Jun-2012,09-Feb-12,5sfh_847,train,val,test,test,val,,train
848,CC(C)c1nc2cc(NC(=O)c3c(C(=O)O)cnn3C)ccn2n1,aryl_c1_amide_c2_hetaryl,5.90857610432554803,18-Oct-2010,04-Feb-10,5se7_848,train,test,train,train,train,,val
849,CN1C(=O)c2ccc(NC(=O)c3nc(C4CC4)ccc3Nc3cncnc3)cc2C1=O,aminohetaryl_c1_amide,7.3227490226421557,14-Sep-2009,06-Mar-09,5sf2_849,test,train,train,train,train,train,train
850,CNC(=O)c1c(NC(=O)c2nc(C3CC3)cnc2Nc2cncnc2)cccc1OC,aminohetaryl_c1_amide,8.507938395487401,07-Jun-2010,27-Apr-10,5sfl_850,test,train,train,train,train,train,train
851,Cn1ncc(NC(=O)c2nc(C3CC3)cnc2Nc2cncnc2)c1C(=O)NC[C@@H]1CCCO1,aminohetaryl_c1_amide,8.538951908329342,26-Jul-2010,27-Apr-10,5sfl_851,test,train,train,train,train,train,train
852,O=C(NCCO)c1ncccc1NC(=O)c1nc(C2CC2)cnc1Nc1cncnc1,aminohetaryl_c1_amide,9.44666322186951,09-Aug-2010,27-Apr-10,5sfl_852,test,train,train,train,train,train,train
853,CNC(=O)c1c(NC(=O)c2nc(C3CC3)ccc2Nc2cncnc2)cnn1CCC(F)(F)F,aminohetaryl_c1_amide,6.693628592361956,11-Jan-2010,09-Mar-09,5sdy_853,test,train,train,train,train,train,train
854,Cn1cc(-c2ccccc2)nc1CCc1nc2c(cnn2C)c(=O)[nH]1,c1_hetaryl_alkyl_c2_hetaryl,7.3028578737245404,22-Nov-2010,25-Jun-10,5se4_854,train,train,train,test,train,val,train
855,O=C(Nc1cncc(OC(F)F)c1)c1nc(C2CC2)cnc1Nc1cncnc1,aminohetaryl_c1_amide,6.8723575280061396,28-Mar-2011,27-Apr-10,5se5_855,test,train,train,val,train,test,train
856,CCN(C)C(=O)c1c(NC(=O)c2nc(C3CC3)cnc2Nc2cncnc2)cnn1C,aminohetaryl_c1_amide,7.599574678361905,14-Jun-2010,27-Apr-10,5sfl_856,test,train,train,train,train,train,test
857,CN(C)CCn1nccc1NC(=O)c1nc(C2CC2)cnc1Nc1cncnc1,aminohetaryl_c1_amide,6.5025036494145848,30-May-2011,27-Apr-10,5se5_857,test,train,val,val,train,test,train
858,CNC(=O)c1c(NC(=O)c2nc([C@@H]3CCOC3)cnc2Nc2cncnc2)cnn1C,aminohetaryl_c1_amide,8.155771418698372,02-Aug-2010,27-Apr-10,5se5_858,test,train,train,train,train,train,train
859,O=C(Nc1ccn(CC(F)(F)F)n1)c1nc(Cl)ccc1Nc1cncnc1,aminohetaryl_c1_amide,6.8058798933339252,19-Oct-2009,04-Sep-08,5sfk_859,test,train,train,train,train,train,test
860,O=C(Nc1ccnn1CCO)c1nc(C2CC2)ccc1Nc1cncnc1,aminohetaryl_c1_amide,7.3073645534498357,19-Oct-2009,27-Jul-09,5se0_860,test,train,train,train,train,train,test
861,Cc1c(Cl)cc(Cl)c2nc(CCc3nn(C)cc3Cl)nn12,c1_hetaryl_alkyl_c2_hetaryl,6.47626913686330213,27-Aug-2012,01-Feb-12,5sej_861,val,val,test,test,val,,val
862,Cc1ccc(CNC(=O)c2cnn(C)c2C(=O)Nc2ccn3cc(-c4ccccc4)nc3n2)nc1,aryl_c1_amide_c2_hetaryl,6.4920507232772982,08-Jul-2010,03-May-10,5sfj_862,train,test,train,train,train,train,train
863,CN(C(=O)c1ncccc1NC(=O)c1nc(C2CC2)cnc1Nc1cncnc1)C1CCOCC1,aminohetaryl_c1_amide,6.3714486231052094,20-Jul-2010,27-Apr-10,5sfl_863,test,train,train,train,train,train,test
864,COCCn1ccc(NC(=O)c2nc(Cl)ccc2Nc2cncnc2)n1,aminohetaryl_c1_amide,6.9314356874934233,19-Oct-2009,04-Sep-08,5sfk_864,test,train,train,train,train,train,val
865,CC(C)(O)CNC(=O)c1c(F)cccc1NC(=O)c1nc(C2CC2)cnc1Nc1cncnc1,aminohetaryl_c1_amide,8.039243909098227,29-Sep-2010,27-Apr-10,5sfl_865,test,train,train,train,train,train,train
866,Cn1ncc(C(=O)N2CCC2)c1C(=O)Nc1ccn2cc(-c3cccc(-c4ccccc4)c3)nc2n1,aryl_c1_amide_c2_hetaryl,7.5853775700774775,06-Sep-2010,03-May-10,5sfj_866,train,test,train,train,train,train,test
867,CCN(C)c1cnc(Nc2cncnc2)c(C(=O)Nc2cnn(C)c2C(=O)NC)n1,aminohetaryl_c1_amide,7.7176271625756194,29-Sep-2010,27-Apr-10,5se5_867,test,train,train,train,train,train,train
868,COCCn1nccc1NC(=O)c1nc(C2CC2)ccc1Nc1cncnc1,aminohetaryl_c1_amide,7.3666224527794604,19-Oct-2009,27-Jul-09,5se0_868,test,train,train,train,train,train,train
869,CC(=O)c1cc(NC(=O)c2nc(C3CC3)cnc2Nc2cncnc2)ccc1F,aminohetaryl_c1_amide,8.015968019728819,03-May-2011,27-Apr-10,5se5_869,test,train,train,val,train,test,train
870,CNC(=O)c1c(Cl)cccc1NC(=O)c1nc(C2CC2)cnc1Nc1cncnc1,aminohetaryl_c1_amide,7.6570840829159144,07-Jun-2010,27-Apr-10,5se5_870,test,train,train,train,train,train,train
871,CCCNC(=O)c1cc(NC(=O)c2c(C(=O)N3CCC3)cnn2C)nn1C,aryl_c1_amide_c2_hetaryl,5.0,04-Oct-2010,16-Aug-10,5sfq_871,train,test,train,train,train,train,train
872,Cc1ccc(Nc2cncnc2)c(C(=O)Nc2ccn(-c3ccccc3)n2)n1,aminohetaryl_c1_amide,7.0453426962037244,11-Jan-2010,04-Sep-08,5sfk_872,test,train,train,train,train,train,val
873,Cc1nc2ccccc2nc1OCc1cccc(N2CCCC2)n1,c1_hetaryl_alkyl_c2_hetaryl,7.426130899151893,10-Jan-2011,20-Dec-10,5sf9_873,train,train,train,test,train,test,val
874,O=C(Nc1cccc(OC(F)(F)F)c1)c1nc(C2CC2)cnc1Nc1cncnc1,aminohetaryl_c1_amide,7.511759604685966,21-Feb-2011,27-Apr-10,5sfl_874,test,train,train,val,train,test,train
875,CCC(=O)c1cc(NC(=O)c2nc(C3CC3)cnc2Nc2cncnc2)ccc1O,aminohetaryl_c1_amide,7.5820967180087708,16-May-2011,27-Apr-10,5se5_875,test,train,train,val,train,test,train
876,CCOc1ccccc1C(=O)Nc1cc(-c2ccccn2)n[nH]1,aryl_c1_amide_c2_hetaryl,5.82857487868377877,23-Nov-2009,31-Mar-09,5sf0_876,train,test,train,train,train,train,train
877,CCCN(C)C(=O)c1c(NC(=O)c2nc(C3CC3)cnc2Nc2cncnc2)cnn1C,aminohetaryl_c1_amide,7.8996639240663036,05-Jul-2010,27-Apr-10,5sfl_877,test,train,train,train,train,train,train
878,O=C(Nc1cccc(N2CCCC2=O)c1)c1nc(C2CC2)cnc1Nc1cncnc1,aminohetaryl_c1_amide,7.8223769383686448,15-Mar-2011,27-Apr-10,5sfl_878,test,train,train,val,train,test,test
879,Cc1ncc(C)n2nc(CCc3nc(N4CC(F)(F)C4)nn3C)nc12,c1_hetaryl_alkyl_c2_hetaryl,6.32288144689968284,25-Sep-2012,09-Feb-12,5sfh_879,val,val,test,test,val,,train
880,O=C(NCC1CC1)c1cccc(NC(=O)c2nc(C3CC3)cnc2Nc2cncnc2)n1,aminohetaryl_c1_amide,8.0156077214757344,09-May-2011,27-Apr-10,5se5_880,test,train,train,val,train,test,train
881,O=C1CCc2ccc(NC(=O)c3nc(C4CC4)cnc3Nc3cncnc3)cc21,aminohetaryl_c1_amide,7.5687810248011478,03-May-2011,27-Apr-10,5se5_881,test,train,train,val,train,test,val
882,CN(C)C(=O)Cn1ccc(NC(=O)c2nc(C3CC3)cnc2Nc2cncnc2)n1,aminohetaryl_c1_amide,7.5019100962758105,23-May-2011,27-Apr-10,5se5_882,test,train,train,val,train,test,train
883,Cn1ccc(NC(=O)c2nc(C3CC3)ccc2Nc2cncnc2)n1,aminohetaryl_c1_amide,6.9277721670188804,05-Oct-2009,04-Sep-08,5sfk_883,test,train,train,train,train,train,train
884,CNC(=O)c1c(NC(=O)c2nc(C(C)=O)cnc2Nc2cncnc2)cnn1C,aminohetaryl_c1_amide,6.7911208074048779,07-Jun-2010,27-Apr-10,5se5_884,test,train,train,train,train,train,train
885,CON(C)C(=O)c1c(NC(=O)c2nc(C3CC3)cnc2Nc2cncnc2)cnn1C,aminohetaryl_c1_amide,8.655804284128565,15-Nov-2010,27-Apr-10,5se5_885,test,train,train,train,train,val,train
886,Cc1noc(C(=O)Nc2cc(-c3ccccn3)nn2C)c1Br,aryl_c1_amide_c2_hetaryl,5.2059911265917883,26-Aug-2009,31-Mar-09,5sel_886,train,test,train,train,train,train,test
887,Cc1ncc(C)n2nc(CCc3nc(N4CCNC4=O)nn3C)nc12,c1_hetaryl_alkyl_c2_hetaryl,5.97449383187545045,19-Nov-2012,09-Feb-12,5sfh_887,val,val,test,test,val,,test
888,CNC(=O)c1c(C)cccc1NC(=O)c1nc(C2CC2)cnc1Nc1cncnc1,aminohetaryl_c1_amide,7.7430899181106432,28-Jun-2010,27-Apr-10,5se5_888,test,train,train,train,train,train,train
889,O=C(Nc1cccnc1C(=O)N1CCCC1)c1nc(C2CC2)cnc1Nc1cncnc1,aminohetaryl_c1_amide,8.603277721496226,07-Jun-2010,27-Apr-10,5se5_889,test,train,train,train,train,train,train
890,CNC(=O)c1c(NC(=O)c2nc(C3CC3)cnc2Nc2cnccn2)cnn1C,aminohetaryl_c1_amide,6.37101266695067464,14-Jun-2010,27-Apr-10,5se5_890,test,train,train,train,train,train,val
891,CN(C)C(=O)c1c(F)cc(F)cc1NC(=O)c1nc(C2CC2)cnc1Nc1cncnc1,aminohetaryl_c1_amide,7.7763223838699682,06-Sep-2010,27-Apr-10,5sfl_891,test,train,train,train,train,train,val
892,CNC(=O)c1c(NC(=O)c2nc(N3CCOCC3)cnc2Nc2cncnc2)cnn1C,aminohetaryl_c1_amide,8.3856301604517114,01-Sep-2010,27-Apr-10,5se5_892,test,train,train,train,train,train,train
893,Cn1ncc(NC(=O)c2nc(C3CC3)cnc2Nc2cncnc2)c1C(=O)N[C@@H]1CCOC1,aminohetaryl_c1_amide,8.4538276316830574,24-Aug-2010,27-Apr-10,5sfl_893,test,train,train,train,train,train,test
894,CC(C)(O)CNC(=O)c1cccc(NC(=O)c2nc(C3CC3)cnc2Nc2cncnc2)n1,aminohetaryl_c1_amide,8.260902553882525,23-May-2011,27-Apr-10,5se5_894,test,train,train,val,train,test,test
895,CNC(=O)c1c(NC(=O)c2nc([C@H]3CCOC3)cnc2Nc2cncnc2)cnn1C,aminohetaryl_c1_amide,7.9218332918318461,02-Aug-2010,27-Apr-10,5se5_895,test,train,train,train,train,train,train
896,Cn1ncc(NC(=O)c2nc(C3CC3)cnc2Nc2cncnc2)c1C(=O)NCCF,aminohetaryl_c1_amide,8.5567205169567178,10-May-2010,27-Apr-10,5sfl_896,test,train,train,train,train,train,train
897,O=C(Nc1ccn2nc(-c3ccccc3)nc2c1)c1ccc(Cl)nn1,aryl_c1_amide_c2_hetaryl,5.0,09-May-2011,09-Feb-11,5se3_897,train,test,train,val,train,test,train
898,Cc1cc(NC(=O)c2ccc3cc(-c4ccccc4)nn3c2)on1,aryl_c1_amide_c2_hetaryl,5.4750790169509104,14-Sep-2009,28-Jul-09,5sfp_898,train,test,train,train,train,train,test
899,CN(C)C(=O)c1ncncc1NC(=O)c1nc(C2CC2)cnc1Nc1cncnc1,aminohetaryl_c1_amide,7.0454198372562427,14-Jun-2010,27-Apr-10,5se5_899,test,train,train,train,train,train,train
900,CS(=O)(=O)Nc1cccc(NC(=O)c2nc(C3CC3)cnc2Nc2cncnc2)c1,aminohetaryl_c1_amide,7.8354687036945685,15-Mar-2011,27-Apr-10,5sfl_900,test,train,train,val,train,test,train
901,O=C(NCCC1CCCCC1)c1nc(C2CC2)cnc1Nc1cncnc1,aminohetaryl_c1_amide,5.85068141142057307,07-Jun-2010,27-Apr-10,5se5_901,test,train,train,train,train,train,train
902,CC(C)(O)CNC(=O)c1ccc(F)cc1NC(=O)c1nc(C2CC2)cnc1Nc1cncnc1,aminohetaryl_c1_amide,9.3946949538588904,28-Sep-2010,27-Apr-10,5sfl_902,test,train,train,train,train,train,train
903,Cc1ccc(Nc2cncnc2)c(C(=O)Nc2ccn(-c3ccccn3)n2)n1,aminohetaryl_c1_amide,6.4346611232289326,05-Oct-2009,04-Sep-08,5sfk_903,test,train,train,train,train,train,train
904,CNC(=O)c1c(NC(=O)c2nc(N3CCCC3)cnc2Nc2cncnc2)cnn1C,aminohetaryl_c1_amide,7.6194450778457863,01-Sep-2010,27-Apr-10,5se5_904,test,train,train,train,train,train,test
905,CNC(=O)c1c(F)cccc1NC(=O)c1nc(C2CC2)cnc1Nc1cncnc1,aminohetaryl_c1_amide,7.1641869144233374,06-Sep-2010,27-Apr-10,5se5_905,test,train,train,train,train,train,val
906,Cn1ncc(C(=O)N2CCC2)c1C(=O)Nc1cn(-c2cnccn2)cn1,aryl_c1_amide_c2_hetaryl,5.6131526684905792,24-Aug-2009,05-Jun-09,5sen_906,train,test,train,train,train,train,val
907,Cc1ncc(C)n2nc(/C=C/c3nc(N4CCN(C)C4=O)cn3C)nc12,c1_hetaryl_alkyl_c2_hetaryl,6.789681480173768,14-Oct-2013,15-NOV-12,5sfy_907,val,val,,test,test,,val
908,COc1ccc2c(=O)n(C)c3c(C(C)C)nc(-c4ccccc4Cl)n3c2c1,aryl_c1_amide_c2_hetaryl,6.11285109555496539,17-Jan-2011,04-Aug-10,5sf7_908,train,test,train,train,train,test,train
909,CNC(=O)c1nc(C)ccc1NC(=O)c1nc(C2CC2)cnc1Nc1cncnc1,aminohetaryl_c1_amide,8.4609239012072233,17-May-2010,27-Apr-10,5sfl_909,test,train,train,train,train,train,test
910,CC(C)NC(=O)c1ncccc1NC(=O)c1nc(C2CC2)cnc1Nc1cncnc1,aminohetaryl_c1_amide,8.3106023371787177,28-Jun-2010,27-Apr-10,5se5_910,test,train,train,train,train,train,val
911,Cc1ncc(C)n2nc(/C=C/c3nc(N4CCCN4C)nn3C)nc12,c1_hetaryl_alkyl_c2_hetaryl,6.12662126359085893,12-Aug-2013,15-NOV-12,5sfy_911,val,val,,test,test,,val
912,CNC(=O)c1cc(F)c(F)cc1NC(=O)c1nc(C2CC2)cnc1Nc1cncnc1,aminohetaryl_c1_amide,9.130459592366814,01-Sep-2010,27-Apr-10,5se5_912,test,train,train,train,train,train,train
913,CNC(=O)c1ccc(F)cc1NC(=O)c1nc(C2CC2)cnc1Nc1cncnc1,aminohetaryl_c1_amide,9.1706838361298906,01-Sep-2010,27-Apr-10,5se5_913,test,train,train,train,train,train,train
914,CCOC(=O)Cc1csc(NC(=O)c2nc(C3CC3)cnc2Nc2cncnc2)n1,aminohetaryl_c1_amide,8.301986496060818,03-May-2011,27-Apr-10,5sfl_914,test,train,train,val,train,test,train
915,O=C(NCCC1CCOCC1)c1nc(C2CC2)cnc1Nc1cncnc1,aminohetaryl_c1_amide,5.83187863571551515,07-Jun-2010,27-Apr-10,5sfl_915,test,train,train,train,train,train,train
916,Cn1ncc(NC(=O)c2nc(C3CC3)cnc2Nc2cncnc2)c1C(=O)N[C@H]1CCOC1,aminohetaryl_c1_amide,8.1632962009102688,24-Aug-2010,27-Apr-10,5sfl_916,test,train,train,train,train,train,train
917,CC(C)Oc1cccc(NC(=O)c2nc(C3CC3)cnc2Nc2cncnc2)n1,aminohetaryl_c1_amide,7.6278247138849358,28-Mar-2011,27-Apr-10,5se5_917,test,train,train,val,train,test,test
918,CNC(=O)c1c(NC(=O)c2nc(N3CCC3)cnc2Nc2cncnc2)cnn1C,aminohetaryl_c1_amide,6.8449594190888969,06-Sep-2010,27-Apr-10,5se5_918,test,train,train,train,train,train,test
919,CCNC(=O)c1c(NC(=O)c2nc(C3CC3)cnc2Nc2cncnc2)cnn1C,aminohetaryl_c1_amide,8.4060497047360125,07-Jun-2010,27-Apr-10,5sfl_919,test,train,train,train,train,train,train
920,O=C(Nc1cccc(C(=O)N2CCOCC2)n1)c1nc(C2CC2)cnc1Nc1cncnc1,aminohetaryl_c1_amide,8.1257501772215965,23-May-2011,27-Apr-10,5se5_920,test,train,train,val,train,test,train
921,COc1ncccc1C(=O)Nc1cc(-c2ccccn2)nn1C,aryl_c1_amide_c2_hetaryl,5.0118626560374688,06-Aug-2009,31-Mar-09,5sel_921,train,test,train,train,train,train,val
922,CNC(=O)c1cc(F)ccc1NC(=O)c1nc(C2CC2)cnc1Nc1cncnc1,aminohetaryl_c1_amide,9.022733787572707,29-Sep-2010,27-Apr-10,5se5_922,test,train,train,train,train,train,train
923,O=C(N[C@@H]1CCN(c2ccc(Cl)nn2)C1)c1nc(C2CC2)ccc1Nc1cncnc1,aminohetaryl_c1_amide,7.9397933789326498,14-Sep-2009,06-Mar-09,5sf2_923,test,train,train,train,train,train,train
924,O=C(NCC1(c2ccccc2)CCOCC1)c1nc(C2CC2)cnc1Nc1cncnc1,aminohetaryl_c1_amide,5.93581090730913723,07-Jun-2010,27-Apr-10,5se5_924,test,train,train,train,train,train,test
925,CCNC(=O)c1ncccc1NC(=O)c1nc(C2CC2)cnc1Nc1cncnc1,aminohetaryl_c1_amide,8.6356424851568985,28-Jun-2010,27-Apr-10,5se5_925,test,train,train,train,train,train,train
926,CC(=O)Nc1nc2cc(NC(=O)c3nc(C)ccc3C)ccc2s1,aryl_c1_amide_c2_hetaryl,5.2390837873589094,23-Feb-2010,04-Feb-10,5sfx_926,train,test,train,train,train,train,train
927,CNC(=O)c1c(F)cc(F)cc1NC(=O)c1nc(C2CC2)cnc1Nc1cncnc1,aminohetaryl_c1_amide,9.500312917381596,28-Sep-2010,27-Apr-10,5sfl_927,test,train,train,train,train,train,train
928,CC(C)NC(=O)c1cccc(NC(=O)c2nc(C3CC3)cnc2Nc2cncnc2)n1,aminohetaryl_c1_amide,8.0657035931805945,09-May-2011,27-Apr-10,5se5_928,test,train,train,val,train,test,val
929,O=C(Nc1ccc2cccnc2c1)c1nc(C2CC2)ccc1Nc1cncnc1,aminohetaryl_c1_amide,8.240558802866302,21-Sep-2009,06-Mar-09,5sf2_929,test,train,train,train,train,train,val
930,Cc1ncc(Nc2cncnc2)c(C(=O)Nc2cn(C)nc2C(=O)NCC(C)(C)O)n1,aminohetaryl_c1_amide,7.0990760204777572,01-Feb-2010,30-Sep-09,5sdz_930,test,train,train,train,train,train,test
931,CNC(=O)c1nc(C)ncc1NC(=O)c1nc(C2CC2)cnc1Nc1cncnc1,aminohetaryl_c1_amide,7.7148028771890305,24-Aug-2010,27-Apr-10,5se5_931,test,train,train,train,train,train,val
932,O=C1CCc2c(NC(=O)c3nc(C4CC4)cnc3Nc3cncnc3)cccc21,aminohetaryl_c1_amide,6.9062947150918413,09-May-2011,27-Apr-10,5se5_932,test,train,train,val,train,test,train
933,CNC(=O)c1cc(OC)ccc1NC(=O)c1nc(C2CC2)cnc1Nc1cncnc1,aminohetaryl_c1_amide,9.320572103387881,29-Jun-2010,27-Apr-10,5se5_933,test,train,train,train,train,train,train
934,Cn1cc(Br)c(C(=O)Nc2cc(-c3ccccn3)nn2C)n1,aryl_c1_amide_c2_hetaryl,6.09060391899012694,26-Aug-2009,31-Mar-09,5sel_934,train,test,train,train,train,train,train
935,O=C(Nc1conc1-c1ccccc1)c1nc(C2CC2)ccc1Nc1cncnc1,aminohetaryl_c1_amide,8.1608363170853497,24-Aug-2009,06-Mar-09,5sf2_935,test,train,train,train,train,train,test
936,CCOC(=O)c1cnn(C)c1C(=O)Nc1ccn2nc(Br)nc2c1,aryl_c1_amide_c2_hetaryl,5.4561589648569835,15-Nov-2010,21-Sep-10,5seh_936,train,test,train,train,train,val,train
937,O=C(c1nc(C2CC2)cnc1Nc1cncnc1)N1CCC(Cc2ccccc2)CC1,aminohetaryl_c1_amide,5.0,07-Jun-2010,27-Apr-10,5sfl_937,test,train,train,train,train,train,val
938,Cn1ncc(C(=O)N2CCOCC2)c1C(=O)N[C@H]1CCn2cc(-c3ccc(F)cc3)nc2C1,aryl_c1_amide_c2_hetaryl,6.204815410317576,20-Mar-2014,23-Nov-11,5sfm_938,val,test,,val,,,test
939,CC(C)C[C@H](CO)NC(=O)c1nc(C2CC2)cnc1Nc1cncnc1,aminohetaryl_c1_amide,5.61061327918836117,07-Jun-2010,27-Apr-10,5sfl_939,test,train,train,train,train,train,train
940,Cc1ccc(Nc2cncc(O)n2)c(C(=O)Nc2ccn(C)n2)n1,aminohetaryl_c1_amide,5.0891193089537213,06-Aug-2009,04-Sep-08,5sfk_940,test,train,train,train,train,train,test
941,Cn1nc(NC(=O)c2c(C(=O)N3CCC3)cnn2C)cc1C(=O)N1CCCCC1,aryl_c1_amide_c2_hetaryl,5.0,04-Oct-2010,31-Mar-09,5sf0_941,train,test,train,train,train,train,train
942,O=C(Nc1cnc(Cl)cc1Cl)c1nc(C2CC2)ccc1Nc1cncnc1,aminohetaryl_c1_amide,8.002788417167495,26-Aug-2009,07-Apr-09,5sfu_942,test,train,train,train,train,train,train
943,Cc1ncc(C)n2nc(CCc3nc(N4CC(C)C4)nn3C)nc12,c1_hetaryl_alkyl_c2_hetaryl,6.9657326029619743,25-Sep-2012,09-Feb-12,5sfh_943,val,val,test,test,val,,val
944,COCCn1ncc(NC(=O)c2nc(C3CC3)ccc2Nc2cncnc2)c1C(=O)N(C)C,aminohetaryl_c1_amide,7.8991816042684635,11-Jan-2010,09-Mar-09,5sdy_944,test,train,train,train,train,train,train
945,O=C(Nc1ccc2nccnc2c1)c1nc(C2CC2)ccc1Nc1cncnc1,aminohetaryl_c1_amide,7.2611243509451886,21-Sep-2009,06-Mar-09,5sf2_945,test,train,train,train,train,train,val
946,COCCNC(=O)c1nc(C2CC2)cnc1Nc1cncnc1,aminohetaryl_c1_amide,5.5944330476181891,17-May-2010,27-Apr-10,5sfl_946,test,train,train,train,train,train,train
947,Cc1nc(-c2ccc(Cl)cc2)oc1C(=O)Nc1cc(-c2ccccn2)nn1C,aryl_c1_amide_c2_hetaryl,6.014419955644152485,26-Aug-2009,31-Mar-09,5sel_947,train,test,train,train,train,train,train
948,Cc1ccc2c(c1)c(=O)n(C)c1c(C)nc(-c3ccccc3Cl)n21,aryl_c1_amide_c2_hetaryl,7.5770820192323376,29-Nov-2010,04-Aug-10,5sf7_948,train,test,train,train,train,val,test
949,O=C(Nc1ccc(O)c2c1CCCC2=O)c1nc(C2CC2)cnc1Nc1cncnc1,aminohetaryl_c1_amide,7.9820489311692577,03-May-2011,27-Apr-10,5se5_949,test,train,train,val,train,test,train
950,Cn1ncc(C(=O)N2CCC2)c1C(=O)Nc1ccn(Cc2ccccc2)n1,aryl_c1_amide_c2_hetaryl,6.9320666221004366,27-Sep-2010,24-Sep-10,5sfv_950,train,test,train,train,train,train,val
951,Cc1nc2ccccc2nc1OCc1csc(N2CCOCC2)n1,c1_hetaryl_alkyl_c2_hetaryl,5.6245507254085207,17-Jan-2011,20-Dec-10,5sf9_951,train,train,train,test,train,test,val
952,CC(=O)N1CC(C)(C)c2ccc(NC(=O)c3nc(C4CC4)cnc3Nc3cncnc3)cc21,aminohetaryl_c1_amide,8.1169634899723198,09-May-2011,27-Apr-10,5sfl_952,test,train,train,val,train,test,train
953,O=C(Nc1ccc(-c2ccccn2)s1)c1nc(C2CC2)ccc1Nc1cncnc1,aminohetaryl_c1_amide,8.845070943900685,31-Aug-2009,06-Mar-09,5sf2_953,test,train,train,train,train,train,train
954,O=C(Nc1cc(-c2ccccc2)on1)c1nc(C2CC2)ccc1Nc1cncnc1,aminohetaryl_c1_amide,5.83986114155153901,19-Aug-2009,06-Mar-09,5sf2_954,test,train,train,train,train,train,train
955,O=C(NC1CC1)c1nocc1NC(=O)c1nc(C2CC2)cnc1Nc1cncnc1,aminohetaryl_c1_amide,8.206419132631844,03-May-2010,27-Apr-10,5sfl_955,test,train,train,train,train,train,train
956,Cc1ncc(C)n2nc(CCc3nc(C4CCCC4)nn3C)nc12,c1_hetaryl_alkyl_c2_hetaryl,6.8354300512433326,08-Oct-2012,09-Feb-12,5sfh_956,val,val,test,test,val,,train
957,CC(=O)c1cccc(NC(=O)c2nc(C3CC3)cnc2Nc2cncnc2)c1,aminohetaryl_c1_amide,7.7181034497539396,03-May-2011,27-Apr-10,5se5_957,test,train,train,val,train,test,train
958,Cn1ncc(C(=O)N2CCC2)c1C(=O)Nc1cc(-c2ccccc2Cl)n[nH]1,aryl_c1_amide_c2_hetaryl,5.88816675755081298,04-Oct-2010,31-Mar-09,5sel_958,train,test,train,train,train,train,train
959,CCOC(=O)c1cc(NC(=O)c2c(C(=O)N3CCC3)cnn2C)nn1C,aryl_c1_amide_c2_hetaryl,5.87153869364450456,06-Sep-2010,16-Aug-10,5sfq_959,train,test,train,train,train,train,train
960,CCOC(=O)c1cnn(C)c1C(=O)Nc1cn(-c2ccccn2)cn1,aryl_c1_amide_c2_hetaryl,5.5735533183090947,06-Aug-2009,05-Jun-09,5sen_960,train,test,train,train,train,train,train
961,Cc1ncc(C)n2nc(CCc3nc(-c4cn[nH]c4)nn3C)nc12,c1_hetaryl_alkyl_c2_hetaryl,7.0584289429257296,05-Nov-2012,09-Feb-12,5sfh_961,val,val,test,test,val,,val
962,Cn1ncc(C(=O)NCc2cn3ccsc3n2)c1C(=O)Nc1ccn2cc(-c3ccccc3)nc2n1,aryl_c1_amide_c2_hetaryl,6.5152760407449308,05-Jul-2010,03-May-10,5sfj_962,train,test,train,train,train,train,train
963,CCCc1cccc(NC(=O)c2nc(C3CC3)cnc2Nc2cncnc2)n1,aminohetaryl_c1_amide,7.8021132315988142,28-Feb-2011,27-Apr-10,5sfl_963,test,train,train,val,train,test,train
964,Cc1ncc(C)n2nc(/C=C/c3nc(Br)cn3C3CC3)nc12,c1_hetaryl_alkyl_c2_hetaryl,5.1775050147212492,23-Sep-2013,15-NOV-12,5sfy_964,val,val,,test,test,,train
965,COc1ccc2c(c1)c(=O)n(C)c1c(C)nc(-c3ccccc3Cl)n21,aryl_c1_amide_c2_hetaryl,8.1135092748275177,29-Nov-2010,04-Aug-10,5sf7_965,train,test,train,train,train,val,val
966,CCCCc1cc(NC(=O)c2c(C(=O)N3CCC3)cnn2C)nn1C1CCCC1,aryl_c1_amide_c2_hetaryl,6.24512135374297472,25-Oct-2010,24-Sep-10,5sfv_966,train,test,train,train,train,val,train
967,Cc1nc(-c2ccccc2Cl)n2c3ccc(Cl)cc3c(=O)n(C)c12,aryl_c1_amide_c2_hetaryl,7.835809968899864,17-Aug-2010,04-Aug-10,5sf7_967,train,test,train,train,train,train,val
968,CC(C)(C)OCCCNC(=O)c1nc(C2CC2)cnc1Nc1cncnc1,aminohetaryl_c1_amide,6.5294630909816468,07-Jun-2010,27-Apr-10,5sfl_968,test,train,train,train,train,train,train
969,CNC(=O)c1ccccc1NC(=O)c1nc(C2CC2)ccc1Nc1cncnc1,aminohetaryl_c1_amide,8.8787322672979245,31-Aug-2009,06-Mar-09,5sf2_969,test,train,train,train,train,train,val
970,Cn1ncc(C(=O)N2CCC2)c1C(=O)Nc1ccn(Cc2ccc(Cl)cc2)n1,aryl_c1_amide_c2_hetaryl,6.9196838342646045,04-Oct-2010,24-Sep-10,5sfv_970,train,test,train,train,train,train,train
971,CNC(=O)[C@@H]1CCC[C@H]1NC(=O)c1nc(C2CC2)cnc1Nc1cncnc1,aminohetaryl_c1_amide,5.94438776311948498,07-Jun-2010,27-Apr-10,5se5_971,test,train,train,train,train,train,train
972,Cc1c(Cl)cc(Cl)c2nc(CCc3nccn3C)nn12,c1_hetaryl_alkyl_c2_hetaryl,6.7777310566661254,18-Jun-2012,01-Feb-12,5sej_972,train,val,test,test,val,,train
973,Cn1ncc(C(=O)NCc2ccc(Cl)nc2)c1C(=O)Nc1ccn2cc(-c3ccccc3)nc2n1,aryl_c1_amide_c2_hetaryl,6.5019114756912966,05-Jul-2010,03-May-10,5sfj_973,train,test,train,train,train,train,train
974,CC(=O)c1ccc(NC(=O)c2nc(C3CC3)ccc2Nc2cncnc2)s1,aminohetaryl_c1_amide,7.448379245635826,05-Oct-2009,06-Mar-09,5sf2_974,test,train,train,train,train,train,train
975,O=C(c1nc(C2CC2)cnc1Nc1cncnc1)N1CCN(c2ccccc2F)CC1,aminohetaryl_c1_amide,5.2094676329936471,07-Jun-2010,27-Apr-10,5sfl_975,test,train,train,train,train,train,train
976,CC(C)(C)CC(C)(C)NC(=O)c1nc(C2CC2)cnc1Nc1cncnc1,aminohetaryl_c1_amide,6.08266519594694478,14-Jun-2010,27-Apr-10,5se5_976,test,train,train,train,train,train,test
977,COc1ccc(Cn2ccc(NC(=O)c3c(C(=O)N4CCC4)cnn3C)n2)cc1,aryl_c1_amide_c2_hetaryl,7.0999771656713813,27-Sep-2010,24-Sep-10,5sfv_977,train,test,train,train,train,train,train
978,Cn1ncc(C(=O)N2CCC2)c1C(=O)Nc1ccn(Cc2ccncc2)n1,aryl_c1_amide_c2_hetaryl,6.7157407617289107,27-Sep-2010,24-Sep-10,5sfv_978,train,test,train,train,train,train,train
979,Cc1ncoc1C(=O)Nc1cc(-c2ccccn2)nn1C,aryl_c1_amide_c2_hetaryl,5.57372839867201453,26-Aug-2009,31-Mar-09,5sel_979,train,test,train,train,train,train,train
980,Cc1c(Cl)cc(Cl)c2nc(CCc3ccn(C)n3)nn12,c1_hetaryl_alkyl_c2_hetaryl,6.5098799200121791,27-Aug-2012,01-Feb-12,5sej_980,val,val,test,test,val,,train
981,COc1ccc2c(=O)n(C)c3c(C)nc(-c4cccc(Cl)c4)n3c2c1,aryl_c1_amide_c2_hetaryl,7.1485220033685666,17-Jan-2011,04-Aug-10,5sf7_981,train,test,train,train,train,test,train
982,Cc1nc2cc(Cl)ccc2nc1OCc1nc(N2CCCC2)nn1C.Cc1nc2ccc(Cl)cc2nc1OCc1nc(N2CCCC2)nn1C,c1_hetaryl_alkyl_c2_hetaryl,7.552407891178462,13-Aug-2012,20-Dec-10,5sf9_982,val,val,test,test,val,,val
983,Cn1ncc(C(=O)NCc2cc(C3CC3)[nH]n2)c1C(=O)Nc1ccn2cc(-c3ccccc3)nc2n1,aryl_c1_amide_c2_hetaryl,6.5197170370249335,17-Aug-2010,20-Jul-10,5sf3_983,train,test,train,train,train,train,train
984,Cc1ncc(C)n2nc(CCc3nc(N4CCCOCC4)nn3C)nc12,c1_hetaryl_alkyl_c2_hetaryl,5.89518592523020019,01-Oct-2012,09-Feb-12,5sfh_984,val,val,test,test,val,,val
985,CCCCc1cc(NC(=O)c2c(C(=O)N3CCC3)cnn2C)[nH]n1,aryl_c1_amide_c2_hetaryl,5.309910468135836,04-Oct-2010,31-Mar-09,5sel_985,train,test,train,train,train,train,test
986,Cc1nc(CCNC(=O)c2nc(C3CC3)ccc2Nc2cncnc2)n[nH]1,aminohetaryl_c1_amide,6.5671509179602141,26-Oct-2009,14-Oct-09,5sfg_986,test,train,train,train,train,train,val
987,Cc1nc(-c2ccccc2Cl)n2c3cc(Cl)ccc3c(=O)n(C)c12,aryl_c1_amide_c2_hetaryl,8.1845550837556496,29-Nov-2010,04-Aug-10,5sf7_987,train,test,train,train,train,val,test
988,O=C(NCC1CCOCC1)c1nc(C2CC2)cnc1Nc1cncnc1,aminohetaryl_c1_amide,5.2377261412116419,07-Jun-2010,27-Apr-10,5se5_988,test,train,train,train,train,train,val
989,Cc1cncc(CCc2nc(N3CCCC3)nn2C)n1,c1_hetaryl_alkyl_c2_hetaryl,5.1024975526185591,30-Jul-2012,18-Jun-12,5sfw_989,val,val,test,test,val,,val
990,O=C(Nc1conc1-c1ccccn1)c1nc(C2CC2)ccc1Nc1cncnc1,aminohetaryl_c1_amide,7.817442698695087,19-Aug-2009,06-Mar-09,5sf2_990,test,train,train,train,train,train,train
991,Cn1ncc(C(=O)N2CCC2)c1C(=O)Nc1cc(C2CCCCC2)n[nH]1,aryl_c1_amide_c2_hetaryl,5.0252066368381125,04-Oct-2010,31-Mar-09,5sel_991,train,test,train,train,train,train,train
992,Cc1cc(C)n2nc(CCc3cccc(N4CCCC4)n3)nc2n1,c1_hetaryl_alkyl_c2_hetaryl,6.9423719270444314,17-Aug-2011,25-Jun-10,5se4_992,train,train,val,test,train,test,train
993,CC(=O)N1CCC(NC(=O)c2nc(C3CC3)cnc2Nc2cncnc2)CC1,aminohetaryl_c1_amide,5.0,07-Jun-2010,27-Apr-10,5sfl_993,test,train,train,train,train,train,train
994,Cc1ncn(-c2ccccc2)c1C(=O)Nc1cc(-c2ccccn2)nn1C,aryl_c1_amide_c2_hetaryl,5.66719991328196265,26-Aug-2009,31-Mar-09,5sel_994,train,test,train,train,train,train,val
995,O=C(Nc1cnccc1Cl)c1nc(C2CC2)ccc1Nc1cncnc1,aminohetaryl_c1_amide,7.6693022016606958,26-Aug-2009,07-Apr-09,5sfu_995,test,train,train,train,train,train,test
996,Cc1c(Cl)cc(Cl)c2nc(CCc3nccs3)nn12,c1_hetaryl_alkyl_c2_hetaryl,6.2915094143653127,18-Jun-2012,01-Feb-12,5sej_996,train,val,test,test,val,,val
997,O=C(NC1CC1)c1ccsc1NC(=O)c1nc(C2CC2)ccc1Nc1cncnc1,aminohetaryl_c1_amide,9.320243879283573,19-Oct-2009,07-Apr-09,5sfu_997,test,train,train,train,train,train,train
998,Cc1cc(C)n2nc(CCc3cncc(N4CCCC4)n3)nc2n1,c1_hetaryl_alkyl_c2_hetaryl,6.5120164926410473,25-Jul-2011,25-Jun-10,5se4_998,train,train,val,test,train,test,test
999,CNC(=O)c1ncncc1NC(=O)c1nc(C2CC2)cnc1Nc1cncnc1,aminohetaryl_c1_amide,8.283662712110451,28-Jun-2010,27-Apr-10,5se5_999,test,train,train,train,train,train,val
1000,CNC(=O)[C@H]1CCC[C@@H]1NC(=O)c1nc(C2CC2)cnc1Nc1cncnc1,aminohetaryl_c1_amide,6.1572859433367346,03-May-2010,27-Apr-10,5se5_1000,test,train,train,train,train,train,train
1001,CNC(=O)c1nn(-c2ccccc2)cc1NC(=O)c1nc(C2CC2)ccc1Nc1cncnc1,aminohetaryl_c1_amide,5.72942223931876404,26-Oct-2009,30-Sep-09,5sdz_1001,test,train,train,train,train,train,train
1002,CNC(=O)c1c(NC(=O)c2nc(COC)ccc2Nc2cncnc2)cnn1CCOC,aminohetaryl_c1_amide,7.5479680963431874,21-Sep-2009,09-Mar-09,5sdy_1002,test,train,train,train,train,train,train
1003,O=C(Nc1cn(-c2ccccn2)cn1)c1nc(C2CC2)ccc1Br,aryl_c1_amide_c2_hetaryl,6.36224317147227114,14-Sep-2009,05-Jun-09,5sen_1003,train,test,train,train,train,train,train
1004,O=C(Nc1ccnn1S(=O)(=O)C(F)(F)F)c1nc(C2CC2)ccc1Nc1cncnc1,aminohetaryl_c1_amide,7.5274044302852583,19-Oct-2009,06-Mar-09,5set_1004,test,train,train,train,train,train,train
1005,CN(C)C(=O)c1cc(NC(=O)c2nc(C3CC3)ccc2Nc2cncnc2)nn1C,aminohetaryl_c1_amide,6.17039522066505627,19-Oct-2009,04-Sep-08,5sfk_1005,test,train,train,train,train,train,train
1006,CC(C)(NC(=O)c1nc(C2CC2)cnc1Nc1cncnc1)c1nnc(-c2cccnc2)o1,aminohetaryl_c1_amide,5.8400468051469659,07-Jun-2010,27-Apr-10,5sfl_1006,test,train,train,train,train,train,val
1007,Cc1nc2ccc(NC(=O)c3c(C(=O)N4CCC4)cnn3C)cn2n1,aryl_c1_amide_c2_hetaryl,5.428835250209346,19-Jan-2010,05-Jun-09,5sen_1007,train,test,train,train,train,train,test
1008,O=C(c1nc(C2CC2)cnc1Nc1cncnc1)N1CCN(Cc2ccccc2)CC1,aminohetaryl_c1_amide,6.4303311980474607,07-Jun-2010,27-Apr-10,5sfl_1008,test,train,train,train,train,train,train
1009,Cn1ncc(C(=O)N2CCOCC2)c1C(=O)N[C@H]1CCn2cc(-c3ccccc3Cl)nc2C1,aryl_c1_amide_c2_hetaryl,6.3605135107314139,20-Mar-2014,23-Nov-11,5sfm_1009,val,test,,val,,,train
1010,COCC1(CNC(=O)c2nc(C3CC3)cnc2Nc2cncnc2)CC1,aminohetaryl_c1_amide,5.7461298738249226,07-Jun-2010,27-Apr-10,5sfl_1010,test,train,train,train,train,train,train
1011,COc1cccc(NC(=O)c2nc(C3CC3)cnc2Nc2cncnc2)n1,aminohetaryl_c1_amide,7.306563263767558,28-Feb-2011,27-Apr-10,5sfl_1011,test,train,train,val,train,test,train
1012,O=C(Nc1c(C(=O)N2CCC2)ccc(F)c1F)c1nc(C2CC2)cnc1Nc1cncnc1,aminohetaryl_c1_amide,7.063948947102531,04-Oct-2010,27-Apr-10,5sfl_1012,test,train,train,train,train,train,test
1013,CC(C)n1nc(NC(=O)c2nc(C3CC3)ccc2Nc2cncnc2)cc1C(=O)N(C)C,aminohetaryl_c1_amide,6.10043610247439957,19-Oct-2009,04-Sep-08,5sfk_1013,test,train,train,train,train,train,train
1014,CNC(=O)c1nn(CCC(F)(F)F)cc1NC(=O)c1nc(C2CC2)ccc1Nc1cncnc1,aminohetaryl_c1_amide,6.8266855024850258,26-Oct-2009,09-Mar-09,5se1_1014,test,train,train,train,train,train,train
1015,O=C(c1nc(C2CC2)cnc1Nc1cncnc1)N1CCN(CCc2ccccc2)CC1,aminohetaryl_c1_amide,5.0,07-Jun-2010,27-Apr-10,5se5_1015,test,train,train,train,train,train,train
1016,CC(=O)c1nn(C)cc1NC(=O)c1nc(C2CC2)cnc1Nc1cncnc1,aminohetaryl_c1_amide,7.3093609882840327,03-May-2010,27-Apr-10,5sfl_1016,test,train,train,train,train,train,test
1017,O=C(NCc1ccncn1)c1nc(C2CC2)cnc1Nc1cncnc1,aminohetaryl_c1_amide,6.11452852388195472,28-Jun-2010,27-Apr-10,5sfl_1017,test,train,train,train,train,train,test
1018,CNC(=O)c1c(NC(=O)c2nc(OC)cnc2Nc2cncnc2)cnn1C,aminohetaryl_c1_amide,6.8488277575438545,26-Jul-2010,27-Apr-10,5se5_1018,test,train,train,train,train,train,val
1019,Cc1nnc2ccc(CCc3nc(N4CCCC4)nn3C)nn12,c1_hetaryl_alkyl_c2_hetaryl,6.27271744481212085,25-Sep-2012,10-May-12,5sef_1019,val,val,test,test,val,,train
1020,CN(C)C(=O)c1nn(CC(F)(F)F)cc1NC(=O)c1nc(C2CC2)ccc1Nc1cncnc1,aminohetaryl_c1_amide,6.47413405122696406,26-Oct-2009,09-Mar-09,5se1_1020,test,train,train,train,train,train,train
1021,CNC(=O)c1cc(NC(=O)c2c(C(=O)N3CCC3)cnn2C)nn1C,aryl_c1_amide_c2_hetaryl,5.0,04-Oct-2010,16-Aug-10,5sfq_1021,train,test,train,train,train,train,val
1022,CC(C)(C)CCNC(=O)c1nc(C2CC2)cnc1Nc1cncnc1,aminohetaryl_c1_amide,5.63013615405767215,07-Jun-2010,27-Apr-10,5se5_1022,test,train,train,train,train,train,test
1023,COCCn1cc(NC(=O)c2nc(C3CC3)ccc2Nc2cncnc2)c(C(=O)N(C)C)n1,aminohetaryl_c1_amide,6.9048236720060981,26-Oct-2009,09-Mar-09,5se1_1023,test,train,train,train,train,train,train
1024,Cn1ncc(C(=O)N2CCC2)c1C(=O)Nc1ccnn1-c1ccccn1,aryl_c1_amide_c2_hetaryl,6.8834785922421617,11-Oct-2010,31-Mar-09,5sel_1024,train,test,train,train,train,train,train
1025,Cc1nc2ccccc2nc1OCc1csc(N2CCCC2)n1,c1_hetaryl_alkyl_c2_hetaryl,7.1892358680897785,21-Mar-2011,20-Dec-10,5sf9_1025,train,train,train,test,train,test,train
1026,CNC(=O)c1cccc(NC(=O)c2nc(C3CC3)cnc2Nc2cncnc2)n1,aminohetaryl_c1_amide,6.7684666973295061,30-Nov-2010,27-Apr-10,5se5_1026,test,train,train,train,train,val,train
1027,COCCCNC(=O)c1nc(C2CC2)cnc1Nc1cncnc1,aminohetaryl_c1_amide,6.024693672466967378,17-May-2010,27-Apr-10,5sfl_1027,test,train,train,train,train,train,train
1028,O=C(NCc1cncs1)c1nc(C2CC2)cnc1Nc1cncnc1,aminohetaryl_c1_amide,6.05054168274177384,28-Jun-2010,27-Apr-10,5sfl_1028,test,train,train,train,train,train,val
1029,Cn1cc(C(=O)Nc2ccn3cc(-c4ccccc4)nc3n2)c(C(=O)NCc2ccccn2)n1,aryl_c1_amide_c2_hetaryl,6.4004706181718741,26-Jul-2010,28-Apr-10,5sfc_1029,train,test,train,train,train,train,val
1030,Cn1ncc(C(=O)N2CCC2)c1C(=O)Nc1ccn(CCN2CCOCC2)n1,aryl_c1_amide_c2_hetaryl,6.4333834056328272,27-Sep-2010,16-Aug-10,5sfq_1030,train,test,train,train,train,train,val
1031,O=C(NC1CCS(=O)(=O)CC1)c1nc(C2CC2)cnc1Nc1cncnc1,aminohetaryl_c1_amide,5.0,28-Jun-2010,27-Apr-10,5sfl_1031,test,train,train,train,train,train,train
1032,Cn1ncc(C(=O)N2CCC2)c1C(=O)Nc1nnc(-c2ccccn2)o1,aryl_c1_amide_c2_hetaryl,5.0,02-Aug-2010,31-Mar-09,5sf0_1032,train,test,train,train,train,train,test
1033,Cn1nccc1NC(=O)c1nc(C2CC2)ccc1Nc1cncnc1,aminohetaryl_c1_amide,6.9827746113804626,19-Oct-2009,06-Mar-09,5set_1033,test,train,train,train,train,train,train
1034,Cn1ncc(C(=O)N2CCC2)c1C(=O)Nc1ccn(-c2ccc(Cl)cc2Cl)n1,aryl_c1_amide_c2_hetaryl,5.97562846248113454,28-Sep-2010,16-Aug-10,5sfq_1034,train,test,train,train,train,train,train
1035,Cn1ncc(NC(=O)c2c(C(=O)N3CCC3)cnn2C)c1C(=O)N1CCCCC1,aryl_c1_amide_c2_hetaryl,5.3630401526883295,02-Aug-2010,31-Mar-09,5sel_1035,train,test,train,train,train,train,val
1036,O=C(Nc1cn(Cc2ccccn2)cn1)c1nc(C2CC2)ccc1Nc1cncnc1,aminohetaryl_c1_amide,6.9550762861032841,05-Oct-2009,07-Apr-09,5sfu_1036,test,train,train,train,train,train,test
1037,COC(=O)c1cccc(NC(=O)c2nc(C3CC3)cnc2Nc2cncnc2)n1,aminohetaryl_c1_amide,7.5414527958034068,09-May-2011,27-Apr-10,5se5_1037,test,train,train,val,train,test,train
1038,O=C(NCC1CCC1)c1nc(C2CC2)cnc1Nc1cncnc1,aminohetaryl_c1_amide,5.79806975829556137,07-Jun-2010,27-Apr-10,5se5_1038,test,train,train,train,train,train,train
1039,O=C(c1nc(C2CC2)cnc1Nc1cncnc1)N1CCN(C2CCCC2)CC1,aminohetaryl_c1_amide,5.0,07-Jun-2010,27-Apr-10,5sfl_1039,test,train,train,train,train,train,train
1040,O=C(c1nc(C2CC2)cnc1Nc1cncnc1)N1CCN(C2CCCCC2)CC1,aminohetaryl_c1_amide,5.0,07-Jun-2010,27-Apr-10,5sfl_1040,test,train,train,train,train,train,train
1041,O=C(NC1CCCC1)c1nc(C2CC2)cnc1Nc1cncnc1,aminohetaryl_c1_amide,6.01520139361346014,17-May-2010,27-Apr-10,5se5_1041,test,train,train,train,train,train,train
1042,CC(C)c1cc(NC(=O)c2c(C(=O)N3CCC3)cnn2C)n(C2CCCC2)n1,aryl_c1_amide_c2_hetaryl,6.0680435363675489,25-Oct-2010,31-Mar-09,5sel_1042,train,test,train,train,train,val,test
1043,Cn1ncc(C(=O)N2CCC2)c1C(=O)Nc1ccn(-c2ccccc2F)n1,aryl_c1_amide_c2_hetaryl,6.4012510649753936,11-Oct-2010,16-Aug-10,5sfq_1043,train,test,train,train,train,train,train
1044,O=C(c1nc(C2CC2)cnc1Nc1cncnc1)N1CCC(O)(Cc2ccccc2)CC1,aminohetaryl_c1_amide,5.0,14-Jun-2010,27-Apr-10,5se5_1044,test,train,train,train,train,train,test
1045,O=C(NC1CCN(c2ccccn2)CC1)c1nc(C2CC2)ccc1Nc1cncnc1,aminohetaryl_c1_amide,6.7035615558238288,06-Aug-2009,06-Mar-09,5sf2_1045,test,train,train,train,train,train,train
1046,Cc1cc(NC(=O)c2c(C(=O)N3CCC3)cnn2C)n(C2CCCC2)n1,aryl_c1_amide_c2_hetaryl,6.18731721470073326,11-Oct-2010,31-Mar-09,5sel_1046,train,test,train,train,train,train,train
1047,CNC(=O)c1c(NC(=O)c2nc(C3CC3)ccc2Nc2cncnc2)cnn1CCOC,aminohetaryl_c1_amide,9.079746215765459,11-Jan-2010,09-Mar-09,5sdy_1047,test,train,train,train,train,train,train
1048,COc1ccc2c(=O)n(C)c3cnc(-c4ccccc4Cl)n3c2c1,aryl_c1_amide_c2_hetaryl,6.36387970060203884,17-Jan-2011,04-Aug-10,5sf7_1048,train,test,train,train,train,test,train
1049,CNC(=O)c1c(NC(=O)c2nc(COC)ccc2Nc2cncnc2)cnn1C,aminohetaryl_c1_amide,6.842383083195893,07-Jun-2010,09-Mar-09,5sdy_1049,test,train,train,train,train,train,train
1050,Cc1cc(NC(=O)c2c(C(=O)N3CCC3)cnn2C)nn1CC(F)F,aryl_c1_amide_c2_hetaryl,6.8654085652891228,25-Oct-2010,16-Aug-10,5sfq_1050,train,test,train,train,train,val,test
1051,Cn1ncc(C(=O)N2CCC2)c1C(=O)Nc1ccn(-c2cc(Cl)cc(Cl)c2)n1,aryl_c1_amide_c2_hetaryl,7.3664709494178404,28-Sep-2010,16-Aug-10,5sfq_1051,train,test,train,train,train,train,train
1052,O=C(N[C@H]1CCN(c2ccccn2)C1)c1nc(C2CC2)ccc1Nc1cncnc1,aminohetaryl_c1_amide,6.43445794728341364,28-Jul-2009,07-Apr-09,5sfu_1052,test,train,train,train,train,train,test
1053,CNC(=O)c1c(NC(=O)c2nc(C3CC3)ccc2Nc2cncnc2)cnn1C,aminohetaryl_c1_amide,7.842482791467388,19-Apr-2010,09-Mar-09,5sdy_1053,test,train,train,train,train,train,train
1054,COc1ccc(NC(=O)c2nc(C3CC3)cnc2Nc2cncnc2)nn1,aminohetaryl_c1_amide,5.83017250264320622,12-Jul-2010,27-Apr-10,5se5_1054,test,train,train,train,train,train,train
1055,CC(C)Cn1ccc(NC(=O)c2c(C(=O)N3CCC3)cnn2C)n1,aryl_c1_amide_c2_hetaryl,6.5879176297829566,17-Aug-2010,16-Aug-10,5sfq_1055,train,test,train,train,train,train,test
1056,CNC(=O)c1nn(CC2CC2)cc1NC(=O)c1nc(C2CC2)ccc1Nc1cncnc1,aminohetaryl_c1_amide,6.3052263801105551,19-Oct-2009,09-Mar-09,5se1_1056,test,train,train,train,train,train,test
1057,CCn1ncc(NC(=O)c2c(C(=O)N3CCC3)cnn2C)c1C(=O)NCC(C)C,aryl_c1_amide_c2_hetaryl,6.2261236346629764,02-Aug-2010,31-Mar-09,5sel_1057,train,test,train,train,train,train,val
1058,CN(Cc1ccc(Br)cn1)C(=O)c1cnn(C)c1C(=O)Nc1ccn2cc(-c3ccccc3)nc2n1,aryl_c1_amide_c2_hetaryl,7.0012961297500103,05-Jul-2010,03-May-10,5sfj_1058,train,test,train,train,train,train,val
1059,O=C(NC1CCOCC1)c1nc(C2CC2)cnc1Nc1cncnc1,aminohetaryl_c1_amide,5.74759945321159504,07-Jun-2010,27-Apr-10,5sfl_1059,test,train,train,train,train,train,test
1060,CNC(=O)c1ccc(F)c(F)c1NC(=O)c1nc(C2CC2)cnc1Nc1cncnc1,aminohetaryl_c1_amide,8.752763450493236,18-Oct-2010,27-Apr-10,5sfl_1060,test,train,train,train,train,train,train
1061,CS(=O)(=O)CCNC(=O)c1nc(C2CC2)cnc1Nc1cncnc1,aminohetaryl_c1_amide,5.78725855715873716,28-Jun-2010,27-Apr-10,5se5_1061,test,train,train,train,train,train,test
1062,CN(C(=O)c1c(C(=O)N2CCC2)cnn1C)c1ccn2nc(-c3ccccc3)nc2c1,aryl_c1_amide_c2_hetaryl,5.83742932104351497,06-Dec-2010,04-Feb-10,5se7_1062,train,test,train,train,train,val,train
1063,Cc1cc(NC(=O)c2c(C(=O)N3CCC3)cnn2C)nn1C1CCCC1,aryl_c1_amide_c2_hetaryl,6.3592355021742691,11-Oct-2010,24-Sep-10,5sfv_1063,train,test,train,train,train,train,train
1064,Cn1ncc(C(=O)N2CCC2)c1C(=O)Nc1ccn(C2CCCCC2)n1,aryl_c1_amide_c2_hetaryl,6.6157326287854392,28-Sep-2010,16-Aug-10,5sfq_1064,train,test,train,train,train,train,val
1065,CC(C)(O)CNC(=O)c1cccc(F)c1NC(=O)c1nc(C2CC2)cnc1Nc1cncnc1,aminohetaryl_c1_amide,8.221848749616356,01-Sep-2010,27-Apr-10,5sfl_1065,test,train,train,train,train,train,test
1066,Cc1ncc(C)n2nc(/C=C/c3nc(N4C[C@@H]5C[C@H]6CN(C(=O)OC(C)(C)C)C[C@]65C4)nn3C)nc12,c1_hetaryl_alkyl_c2_hetaryl,5.2123664797951216,08-Apr-2013,15-NOV-12,5sfy_1066,val,val,,test,test,,test
1067,COCCn1ccc(NC(=O)c2c(C(=O)N3CCC3)cnn2C)n1,aryl_c1_amide_c2_hetaryl,6.48442019902432476,28-Sep-2010,16-Aug-10,5sfq_1067,train,test,train,train,train,train,train
1068,Cc1cc(NC(=O)c2c(C(=O)N3CCC3)cnn2C)cc(NC(=O)OC(C)(C)C)n1,aryl_c1_amide_c2_hetaryl,6.6826429675967105,21-Nov-2011,21-Sep-10,5seh_1068,train,test,val,val,train,test,test
1069,CC(C)CNC(=O)c1c(NC(=O)c2c(C(=O)N3CCC3)cnn2C)cnn1C,aryl_c1_amide_c2_hetaryl,6.3345024990993657,02-Aug-2010,31-Mar-09,5sel_1069,train,test,train,train,train,train,train
1070,CC(C)c1cc(NC(=O)c2c(C(=O)N3CCC3)cnn2C)[nH]n1,aryl_c1_amide_c2_hetaryl,5.0,04-Oct-2010,31-Mar-09,5sel_1070,train,test,train,train,train,train,test
1071,CS(=O)(=O)c1ccccc1NC(=O)c1nc(C2CC2)ccc1Nc1cncnc1,aminohetaryl_c1_amide,7.5712013079370368,26-Aug-2009,06-Mar-09,5sf2_1071,test,train,train,train,train,train,train
1072,CS(=O)(=O)N1CCC(NC(=O)c2nc(C3CC3)cnc2Nc2cncnc2)CC1,aminohetaryl_c1_amide,5.54302183066420373,28-Jun-2010,27-Apr-10,5sfl_1072,test,train,train,train,train,train,test
1073,Cc1cc(C)n2nc(CCc3nc4c(Cl)cc(Cl)c(C)n4n3)nc2n1,c1_hetaryl_alkyl_c2_hetaryl,6.5578197935982468,27-Aug-2012,25-Jun-10,5se4_1073,val,val,test,test,val,,train
1074,O=C(NC1(c2ccc(Cl)cc2)CCC1)c1nc(C2CC2)cnc1Nc1cncnc1,aminohetaryl_c1_amide,6.0636380860639083,07-Jun-2010,27-Apr-10,5sfl_1074,test,train,train,train,train,train,train
1075,Cn1ncc(C(=O)N2CCC2)c1C(=O)Nc1ccn(CC2CC2)n1,aryl_c1_amide_c2_hetaryl,6.48229090825997534,17-Aug-2010,16-Aug-10,5sfq_1075,train,test,train,train,train,train,val
1076,CCNC(=O)c1c(NC(=O)c2c(C(=O)N3CCC3)cnn2C)cnn1CC,aryl_c1_amide_c2_hetaryl,5.71737177034132443,02-Aug-2010,31-Mar-09,5sel_1076,train,test,train,train,train,train,train
1077,Cc1cc(NC(=O)c2c(C(=O)N3CCC3)cnn2C)cc(N)n1,aryl_c1_amide_c2_hetaryl,6.881528181910826,28-Nov-2011,16-Aug-10,5sfq_1077,train,test,val,val,train,test,train
1078,Cn1ncc(C(=O)N2CCC2)c1C(=O)Nc1cc(C2CCC2)n[nH]1,aryl_c1_amide_c2_hetaryl,5.0,04-Oct-2010,31-Mar-09,5sel_1078,train,test,train,train,train,train,val
1079,CC(C)(O)CNC(=O)c1ccc(F)c(F)c1NC(=O)c1nc(C2CC2)cnc1Nc1cncnc1,aminohetaryl_c1_amide,8.575118363368933,18-Oct-2010,27-Apr-10,5sfl_1079,test,train,train,train,train,train,val
1080,Cn1cc(NC(=O)c2nc(C3CC3)ccc2Nc2cncnc2)c(C(=O)N2CCC2)n1,aminohetaryl_c1_amide,7.4792229899669909,26-Aug-2009,09-Mar-09,5se1_1080,test,train,train,train,train,train,val
1081,CNC(=O)c1nn(CC(F)(F)F)cc1NC(=O)c1nc(C2CC2)ccc1Nc1cncnc1,aminohetaryl_c1_amide,6.8550399243224374,19-Oct-2009,09-Mar-09,5se1_1081,test,train,train,train,train,train,val
1082,Cn1ncc(C(=O)N2CCC2)c1C(=O)Nc1ccn(CCF)n1,aryl_c1_amide_c2_hetaryl,6.2584489709081419,29-Sep-2010,16-Aug-10,5sfq_1082,train,test,train,train,train,train,train
1083,O=C(Nc1ccnnc1)c1nc(C2CC2)cnc1Nc1cncnc1,aminohetaryl_c1_amide,6.5392795178450173,12-Jul-2010,27-Apr-10,5se5_1083,test,train,train,train,train,train,test
1084,CC(=O)Nc1cccc(NC(=O)c2nc(C3CC3)cnc2Nc2cncnc2)n1,aminohetaryl_c1_amide,7.6007763784727302,04-Apr-2011,27-Apr-10,5se5_1084,test,train,train,val,train,test,train
1085,CN(C)C(=O)c1nn(C)cc1NC(=O)c1nc(C2CC2)ccc1Nc1cncnc1,aminohetaryl_c1_amide,7.5013173532429827,07-Sep-2009,09-Mar-09,5se1_1085,test,train,train,train,train,train,train
1086,O=C(NCc1ncco1)c1nc(C2CC2)cnc1Nc1cncnc1,aminohetaryl_c1_amide,5.98857420435694196,14-Jun-2010,27-Apr-10,5sfl_1086,test,train,train,train,train,train,val
1087,Cn1cc(NC(=O)c2nc(C3CC3)ccc2Nc2cncnc2)c(C(=O)NC2CCC2)n1,aminohetaryl_c1_amide,8.506402550999473,07-Sep-2009,09-Mar-09,5se1_1087,test,train,train,train,train,train,test
1088,Cn1ncc(C(=O)N2CCC2)c1C(=O)Nc1cc(C2CCC2)n(C2CCCC2)n1,aryl_c1_amide_c2_hetaryl,6.06865554888511365,25-Oct-2010,24-Sep-10,5sfv_1088,train,test,train,train,train,val,test
1089,O=C(NCc1cocn1)c1nc(C2CC2)cnc1Nc1cncnc1,aminohetaryl_c1_amide,5.73130457857437176,14-Jun-2010,27-Apr-10,5se5_1089,test,train,train,train,train,train,test
1090,O=C(Nc1cnc(Cl)cn1)c1nc(C2CC2)ccc1Nc1cncnc1,aminohetaryl_c1_amide,6.8338156710444672,26-Aug-2009,07-Apr-09,5sfu_1090,test,train,train,train,train,train,train
1091,Cn1cc(NC(=O)c2nc(C3CC3)ccc2Nc2cncnc2)c(C(=O)NC2CC2)n1,aminohetaryl_c1_amide,8.509339346643863,07-Sep-2009,09-Mar-09,5se1_1091,test,train,train,train,train,train,train
1092,CC1(CNC(=O)c2nc(C3CC3)cnc2Nc2cncnc2)COC1,aminohetaryl_c1_amide,5.5250661401057408,28-Jun-2010,27-Apr-10,5sfl_1092,test,train,train,train,train,train,train
1093,Cn1ncc(C(=O)N2CCC2)c1C(=O)Nc1ccn(C2CCC2)n1,aryl_c1_amide_c2_hetaryl,6.30432836122519025,29-Sep-2010,16-Aug-10,5sfq_1093,train,test,train,train,train,train,val
1094,Cc1cc(C)n2nc(CCc3nc(N4CCC4)nn3C)nc2n1,c1_hetaryl_alkyl_c2_hetaryl,7.0383369075926503,06-Feb-2012,25-Jun-10,5se4_1094,train,train,test,test,train,,train
1095,Cn1ncc(C(=O)N2CCC2)c1C(=O)Nc1ccn(-c2ccccn2)n1,aryl_c1_amide_c2_hetaryl,6.10484607024391343,11-Oct-2010,24-Sep-10,5sfv_1095,train,test,train,train,train,train,train
1096,CNC(=O)c1nnsc1NC(=O)c1nc(C2CC2)ccc1Nc1cncnc1,aminohetaryl_c1_amide,7.6013309887891798,24-Aug-2009,06-Mar-09,5sf2_1096,test,train,train,train,train,train,train
1097,O=C(Nc1cnn(-c2ccccn2)c1)c1nc(C2CC2)ccc1Nc1cncnc1,aminohetaryl_c1_amide,7.2615286297397181,30-Nov-2009,09-Mar-09,5se1_1097,test,train,train,train,train,train,train
1098,O=C(c1nc(C2CC2)cnc1Nc1cncnc1)N1CCC(N2CCOCC2)CC1,aminohetaryl_c1_amide,5.0,07-Jun-2010,27-Apr-10,5sfl_1098,test,train,train,train,train,train,train
1099,CNC(=O)c1c(NC(=O)c2nc(C)c(C)nc2Nc2cncnc2)cnn1C,aminohetaryl_c1_amide,5.1072905821847845,21-Feb-2011,27-Apr-10,5se5_1099,test,train,train,val,train,test,train
1100,Cn1ncc(C(=O)N2CCC2)c1C(=O)Nc1ccn(C(F)F)n1,aryl_c1_amide_c2_hetaryl,6.11851605465902679,11-Oct-2010,16-Aug-10,5sfq_1100,train,test,train,train,train,train,val
1101,Cn1ncc(C(=O)N2CCC2)c1C(=O)Nc1cc(C2CCCCC2)n(C2CCCC2)n1,aryl_c1_amide_c2_hetaryl,6.10578642961155946,25-Oct-2010,24-Sep-10,5sfv_1101,train,test,train,train,train,val,train
1102,Cn1cc(-c2ccncc2)c(C(=O)Nc2cc(-c3ccccn3)nn2C)n1,aryl_c1_amide_c2_hetaryl,6.9058119712765088,03-Dec-2009,31-Mar-09,5sel_1102,train,test,train,train,train,train,train
1103,CN(C)C(=O)c1nn(-c2ccccn2)cc1NC(=O)c1nc(C2CC2)ccc1Nc1cncnc1,aminohetaryl_c1_amide,8.1690253541151012,28-Sep-2009,09-Mar-09,5se1_1103,test,train,train,train,train,train,train
1104,O=C(c1ccccc1)N1CCN(C(=O)c2nc(C3CC3)cnc2Nc2cncnc2)CC1,aminohetaryl_c1_amide,5.0,14-Jun-2010,27-Apr-10,5se5_1104,test,train,train,train,train,train,test
1105,O=C(Nc1cccnn1)c1nc(C2CC2)cnc1Nc1cncnc1,aminohetaryl_c1_amide,6.565458240219187,12-Jul-2010,27-Apr-10,5se5_1105,test,train,train,train,train,train,train
1106,Cc1oc(C2CC2)nc1CNC(=O)c1cnn(C)c1C(=O)Nc1ccn2cc(-c3ccccc3)nc2n1,aryl_c1_amide_c2_hetaryl,6.11018361339273867,17-Aug-2010,04-Aug-10,5sdv_1106,train,test,train,train,train,train,val
1107,CCOC(=O)c1nnsc1NC(=O)c1nc(C2CC2)ccc1Nc1cncnc1,aminohetaryl_c1_amide,7.444497841286831,10-Aug-2009,09-Mar-09,5sdy_1107,test,train,train,train,train,train,val
1108,CNC(=O)c1cccc(F)c1NC(=O)c1nc(C2CC2)cnc1Nc1cncnc1,aminohetaryl_c1_amide,8.5597207867644114,01-Sep-2010,27-Apr-10,5sfl_1108,test,train,train,train,train,train,train
1109,Cn1ncc(C(=O)N2CCC2)c1C(=O)Nc1ccn(C(C)(C)C)n1,aryl_c1_amide_c2_hetaryl,6.17204301767366792,27-Sep-2010,16-Aug-10,5sfq_1109,train,test,train,train,train,train,val
1110,CN(C)C(=O)c1ccc(F)c(F)c1NC(=O)c1nc(C2CC2)cnc1Nc1cncnc1,aminohetaryl_c1_amide,6.4746208501224426,18-Oct-2010,27-Apr-10,5sfl_1110,test,train,train,train,train,val,test
1111,COc1ccc2c(=O)n(C)c3c(C)nc(C)n3c2c1,aryl_c1_amide_c2_hetaryl,5.59863823724267057,29-Nov-2010,04-Aug-10,5sf7_1111,train,test,train,train,train,val,train
1112,Cn1ncc(C(=O)N2CCC2)c1C(=O)Nc1n[nH]cc1C#N,aryl_c1_amide_c2_hetaryl,6.4873582883847581,17-Aug-2010,31-Mar-09,5sel_1112,train,test,train,train,train,train,train
1113,CN(C)C(=O)c1cccc(F)c1NC(=O)c1nc(C2CC2)cnc1Nc1cncnc1,aminohetaryl_c1_amide,6.4372984665534062,06-Sep-2010,27-Apr-10,5sfl_1113,test,train,train,train,train,train,train
1114,Cn1ncc(C(=O)N2CCC2)c1C(=O)Nc1ccn(CCC#N)n1,aryl_c1_amide_c2_hetaryl,5.50125660833462504,27-Sep-2010,16-Aug-10,5sfq_1114,train,test,train,train,train,train,train
1115,Cc1ncc(C)n2nc(/C=C/c3nc(N4CC[C@@H](C)[C@H]4C)nn3C)nc12.Cc1ncc(C)n2nc(/C=C/c3nc(N4CC[C@H](C)[C@H]4C)nn3C)nc12,c1_hetaryl_alkyl_c2_hetaryl,7.4989407377822483,03-Jun-2013,15-NOV-12,5sfy_1115,val,val,,test,test,,test
1116,CCCn1ccc(NC(=O)c2c(C(=O)N3CCC3)cnn2C)n1,aryl_c1_amide_c2_hetaryl,6.3935326444957068,17-Aug-2010,16-Aug-10,5sfq_1116,train,test,train,train,train,train,val
1117,CCOC(=O)c1cnn(C)c1C(=O)Nc1ccc2nc(N3CCOCC3)nn2c1,aryl_c1_amide_c2_hetaryl,5.702076522307537,04-Jul-2011,21-Sep-10,5seh_1117,train,test,val,val,train,test,train
1118,CC(C)n1ccc(NC(=O)c2c(C(=O)N3CCC3)cnn2C)n1,aryl_c1_amide_c2_hetaryl,5.73785801008557483,17-Aug-2010,16-Aug-10,5sfq_1118,train,test,train,train,train,train,train
1119,Cc1ncc(C)n2nc(/C=C/c3nc(N4CCN(C(=O)OC(C)(C)C)CC4)nn3C)nc12,c1_hetaryl_alkyl_c2_hetaryl,6.3951704594038658,26-Nov-2012,15-NOV-12,5sfy_1119,val,val,test,test,val,,train
1120,CCNC(=O)c1c(NC(=O)c2c(C(=O)N3CCC3)cnn2C)cnn1C,aryl_c1_amide_c2_hetaryl,5.5045571021800483,02-Aug-2010,31-Mar-09,5sel_1120,train,test,train,train,train,train,train
1121,CCn1ccc(NC(=O)c2c(C(=O)N3CCC3)cnn2C)n1,aryl_c1_amide_c2_hetaryl,5.87855867561731,17-Aug-2010,16-Aug-10,5sfq_1121,train,test,train,train,train,train,train
1122,CNC(=O)c1nn(C)cc1NC(=O)c1nc(C2CC2)ccc1N(C)c1cncnc1,aminohetaryl_c1_amide,5.0,07-Apr-2010,09-Mar-09,5se1_1122,test,train,train,train,train,train,train
1123,CNC(=O)c1c(NC(=O)c2nc(Cl)ccc2Nc2cncnc2)cnn1C,aminohetaryl_c1_amide,6.47471801627510507,03-May-2010,09-Mar-09,5sdy_1123,test,train,train,train,train,train,train
1124,O=C(NCC(F)(F)F)c1nc(C2CC2)cnc1Nc1cncnc1,aminohetaryl_c1_amide,5.9052054546512817,17-May-2010,27-Apr-10,5sfl_1124,test,train,train,train,train,train,test
1125,C/C(=C\c1nc2c(C)ncc(C)n2n1)c1nc(Br)nn1C,c1_hetaryl_alkyl_c2_hetaryl,5.3168211616739851,28-Jan-2013,15-NOV-12,5sfy_1125,val,val,,test,test,,train
1126,O=C(N[C@@H]1C[C@H]2CC[C@@H]1C2)c1nc(C2CC2)cnc1Nc1cncnc1,aminohetaryl_c1_amide,5.96599757090058198,14-Jun-2010,27-Apr-10,5se5_1126,test,train,train,train,train,train,test
1127,CCCn1ccc(CNC(=O)c2cnn(C)c2C(=O)Nc2ccn3cc(-c4ccccc4)nc3n2)n1,aryl_c1_amide_c2_hetaryl,6.1396655876051083,02-Aug-2010,20-Jul-10,5sf3_1127,train,test,train,train,train,train,train
1128,Cc1cnc(C)n2nc(/C=C/c3nc(Br)nn3C)nc12,c1_hetaryl_alkyl_c2_hetaryl,5.6862947215491296,17-Jul-2012,10-May-12,5sef_1128,val,val,test,test,val,,test
1129,CNC(=O)c1c(NC(=O)c2c(C(=O)N3CCC3)cnn2C)cnn1C,aryl_c1_amide_c2_hetaryl,5.0794343049823264,02-Aug-2010,31-Mar-09,5sel_1129,train,test,train,train,train,train,val
1130,Cc1cnc(C)n2nc(CCc3ncnn3C)nc12,c1_hetaryl_alkyl_c2_hetaryl,5.6154315531058794,03-Jun-2013,18-Jun-12,5sfw_1130,val,val,,test,test,,val
1131,Cc1ncc(C)n2nc(CCc3nc(Br)nn3C)nc12,c1_hetaryl_alkyl_c2_hetaryl,5.6058519060390276,01-Oct-2012,09-Feb-12,5sfh_1131,val,val,test,test,val,,test
1132,Cc1ncc(C)n2nc(/C=C/c3nc(N4CC[C@@H](NC(=O)OC(C)(C)C)C4)nn3C)nc12,c1_hetaryl_alkyl_c2_hetaryl,6.12334692804594091,19-Nov-2012,15-NOV-12,5sfy_1132,val,val,test,test,val,,train
1133,Cn1ncc(C(=O)N2CCC2)c1C(=O)Nc1ccc2cc(-c3ccccc3)nn2n1,aryl_c1_amide_c2_hetaryl,8.0893222452572946,16-Nov-2009,31-Mar-09,5sf0_1133,train,test,train,train,train,train,train
1134,C/C(=C/c1nc2c(C)ncc(C)n2n1)c1nc(Br)nn1C,c1_hetaryl_alkyl_c2_hetaryl,5.6457518788540774,28-Jan-2013,15-NOV-12,5sfy_1134,val,val,,test,test,,test
1135,CCn1nc(NC(=O)c2c(C(=O)N3CCC3)cnn2C)cc1C1CC1,aryl_c1_amide_c2_hetaryl,5.2129790724844639,17-Aug-2010,16-Aug-10,5sfq_1135,train,test,train,train,train,train,train
1136,CN(C)C(=O)c1cnn(Cc2ccccc2)c1C(=O)Nc1ccn2nc(N3CCOCC3)nc2c1,aryl_c1_amide_c2_hetaryl,6.06109918355545287,07-May-2012,21-Sep-10,5seh_1136,train,test,test,val,val,,test
1137,Cn1ccc(NC(=O)c2c(C(=O)N3CCC3)cnn2C)n1,aryl_c1_amide_c2_hetaryl,5.84520884267007007,17-Aug-2010,16-Aug-10,5sfq_1137,train,test,train,train,train,train,train
1138,Cn1nccc1NC(=O)c1c(C(=O)N2CCC2)cnn1C,aryl_c1_amide_c2_hetaryl,5.71745831947366345,17-Aug-2010,31-Mar-09,5sel_1138,train,test,train,train,train,train,val
1139,Cc1cc(NC(=O)c2c(C(=O)N3CCC3)cnn2C)cc(Br)n1,aryl_c1_amide_c2_hetaryl,5.3323884885246217,14-Nov-2011,31-Mar-09,5sel_1139,train,test,val,val,train,test,train
1140,Cc1cc(C)n2nc(CCc3nc(N(C)C)nn3C)nc2n1,c1_hetaryl_alkyl_c2_hetaryl,6.27147740359245914,21-Feb-2012,25-Jun-10,5se4_1140,train,train,test,test,train,,val
1141,CNC(=O)c1nn(C)cc1NC(=O)c1nc(C2CC2)ccc1Nc1cncnc1,aminohetaryl_c1_amide,8.33752549624969,07-Sep-2009,09-Mar-09,5se1_1141,test,train,train,train,train,train,train
1142,Cc1cnc(C)n2nc(/C=C/c3ncnn3C)nc12,c1_hetaryl_alkyl_c2_hetaryl,5.4074013710938688,27-May-2013,10-May-12,5sef_1142,val,val,,test,test,,train
1143,O=C(N[C@]12C[C@H]3C[C@H](C[C@H](C3)C1)C2)c1nc(C2CC2)cnc1Nc1cncnc1,aminohetaryl_c1_amide,6.10334703992649857,28-Jun-2010,27-Apr-10,5se5_1143,test,train,train,train,train,train,train
1144,Cc1cc(C)n2nc(/C=C/c3nc(N(C)C)nn3C)nc2n1,c1_hetaryl_alkyl_c2_hetaryl,6.034198793700259925,06-Feb-2012,25-Jun-10,5se4_1144,train,train,test,test,train,,train
1145,Cc1ncc(C)n2nc(CCc3nc(N4CCN(C(c5ccccc5)c5ccccc5)C4=O)nn3C)nc12,c1_hetaryl_alkyl_c2_hetaryl,5.3218299245540761,12-Nov-2012,09-Feb-12,5sfh_1145,val,val,test,test,val,,test
1146,Cn1ncc(C(=O)NCc2cn3ccccc3n2)c1C(=O)Nc1ccn2cc(-c3ccccc3)nc2n1,aryl_c1_amide_c2_hetaryl,6.5847527987929251,05-Jul-2010,03-May-10,5sfj_1146,train,test,train,train,train,train,train
1147,Cn1ncc(C(=O)N2CCC2)c1C(=O)Nc1cc2ccccn2n1,aryl_c1_amide_c2_hetaryl,6.1596617581229277,28-Sep-2010,16-Aug-10,5sfq_1147,train,test,train,train,train,train,train
1148,Cn1cc(NC(=O)c2nc(C3CC3)ccc2Nc2cncnc2)c(C(N)=O)n1,aminohetaryl_c1_amide,8.1223407558883913,11-Jan-2010,09-Mar-09,5se1_1148,test,train,train,train,train,train,test
1149,Cc1cc(NC(=O)c2c(C(=O)N3CCC3)cnn2C)n[nH]1,aryl_c1_amide_c2_hetaryl,5.57187444292968986,17-Aug-2010,31-Mar-09,5sel_1149,train,test,train,train,train,train,test
1150,Cc1ncc(C)n2nc(CCc3nc(N)nn3C)nc12,c1_hetaryl_alkyl_c2_hetaryl,5.4053448526987491,10-Dec-2012,09-Feb-12,5sfh_1150,val,val,test,test,val,,train
1151,Cn1ncc(C(=O)O)c1C(=O)Nc1ccc2nc(N3CCOCC3)nn2c1,aryl_c1_amide_c2_hetaryl,5.872088617109553,11-Jul-2011,21-Sep-10,5seh_1151,train,test,val,val,train,test,train
1152,CNC(=O)c1c(NC(=O)c2nc(Cl)c(OC)nc2Nc2cncnc2)cnn1C,aminohetaryl_c1_amide,5.3414263890158121,31-Jan-2011,27-Apr-10,5se5_1152,test,train,train,train,train,test,train
1153,Cn1ncc(C(=O)NCc2nc3ccccc3[nH]2)c1C(=O)Nc1ccn2cc(-c3ccccc3)nc2n1,aryl_c1_amide_c2_hetaryl,5.8166256534323769,05-Jul-2010,03-May-10,5sfj_1153,train,test,train,train,train,train,train
1154,O=C(NC1CCCCCC1)c1nc(C2CC2)cnc1Nc1cncnc1,aminohetaryl_c1_amide,5.982147285711575207,07-Jun-2010,27-Apr-10,5se5_1154,test,train,train,train,train,train,train
1155,Cn1ncc(C(=O)N2CCC2)c1C(=O)Nc1cc[nH]n1,aryl_c1_amide_c2_hetaryl,5.5044899356068488,17-Aug-2010,16-Aug-10,5sfq_1155,train,test,train,train,train,train,train
1156,Cn1ncc(C(=O)NCc2cc(C(F)(F)F)ccn2)c1C(=O)Nc1ccn2cc(-c3ccccc3)nc2n1,aryl_c1_amide_c2_hetaryl,5.5593411814147828,05-Jul-2010,03-May-10,5sfj_1156,train,test,train,train,train,train,test
1157,Cn1ncc(C(=O)NCc2cccc(C(F)(F)F)n2)c1C(=O)Nc1ccn2cc(-c3ccccc3)nc2n1,aryl_c1_amide_c2_hetaryl,5.320702138628145,11-Oct-2010,03-May-10,5sfj_1157,train,test,train,train,train,train,val
1158,Cc1cc(C)n2nc(/C=C/c3nc(Br)nn3C)nc2n1,c1_hetaryl_alkyl_c2_hetaryl,5.0,06-Feb-2012,25-Jun-10,5se4_1158,train,train,test,test,train,,train
1159,Cc1cc(C)n2nc(CCc3ncnn3C)nc2n1,c1_hetaryl_alkyl_c2_hetaryl,5.0,21-Feb-2012,25-Jun-10,5se4_1159,train,train,test,test,train,,train
1160,Cc1cc(C)c2c(NC(=O)c3c(C(=O)N4CCC4)cnn3C)nn(C)c2n1,aryl_c1_amide_c2_hetaryl,5.3679400310602374,06-Sep-2010,16-Aug-10,5sfq_1160,train,test,train,train,train,train,train
1161,Cn1ncc(C(=O)NCc2ccc(C(F)(F)F)nc2)c1C(=O)Nc1ccn2cc(-c3ccccc3)nc2n1,aryl_c1_amide_c2_hetaryl,6.7025305746714416,05-Jul-2010,03-May-10,5sfj_1161,train,test,train,train,train,train,train
